1.000000000000000082e-05 1.212495134310027438e-11
2.056512308348651521e-05 3.089554900203717196e-11
4.229242874389498849e-05 7.873811583549887820e-11
8.697490026177834418e-05 2.006765679421088681e-10
1.788649529057435026e-04 5.114166076860477181e-10
3.678379771828634167e-04 1.303058124614811010e-09
7.564633275546290073e-04 3.319000096367075944e-09
1.555676143930472335e-03 8.449976395644396426e-09
3.199267137797384610e-03 2.150160539284286228e-08
6.579332246575681983e-03 5.467956594593642599e-08
1.353047774579807516e-02 1.389644506867227148e-07
2.782559402207126012e-02 3.529459892712860208e-07
5.722367659350219987e-02 8.958766594514091655e-07
1.176811952434999031e-01 2.272706699461210409e-06
2.420128264794383366e-01 5.762673325122501732e-06
4.977023564332113681e-01 1.460571760473007177e-05
1.023531021899026783e+00 3.700657375627958607e-05
2.104904144512021791e+00 9.374281160833569811e-05
4.328761281083061796e+00 2.374348720146034469e-04
8.902150854450392004e+00 6.013733173919397603e-04
1.830738280295369691e+01 1.523279580385363029e-03
3.764935806792471595e+01 3.859145592730231673e-03
7.742636826811278183e+01 9.779377688166038599e-03
1.592282793341093736e+02 2.478950298167298394e-02
3.274549162877731874e+02 6.286241242467466295e-02
6.734150657750827804e+02 1.594747268202331980e-01
1.384886371393874470e+03 4.047635213295214807e-01
2.848035868435804787e+03 1.027871788250749541e+00
5.857020818056673306e+03 2.611704855096085964e+00
1.204503540258783687e+04 6.640129113609279266e+00
2.477076355991714081e+04 1.689345429563224599e+01
5.094138014816385839e+04 4.300976342707161848e+01
1.047615752789666149e+05 1.095818638943227938e+02
2.154434690031886566e+05 2.794154929770136846e+02
4.430621457583886804e+05 7.130389479866347529e+02
9.111627561154905707e+05 1.821113732686726053e+03
1.873817422860386781e+06 4.655110173692244643e+03
3.853528593710535206e+06 1.190974671888008743e+04
7.924828983539185487e+06 3.049775878314754664e+04
1.629750834620646760e+07 7.817197897936080699e+04
3.351602650938847661e+07 2.005861912012833054e+05
6.892612104349708557e+07 5.153484059566247161e+05
1.417474162926807702e+08 1.326149768767656526e+06
2.915053062825181484e+08 3.419846421804855578e+06
5.994842503189420700e+08 8.844882463510941714e+06
1.232846739442068338e+09 2.296986662293799594e+07
2.535364493970116615e+09 5.999390585289088637e+07
5.214008287999694824e+09 1.579121986691987216e+08
1.072267222010325432e+10 4.197983667412993312e+08
2.205130739903050232e+10 1.129171880284500360e+09
4.534878508128591156e+10 3.074173433915194988e+09
9.326033468832218933e+10 8.453009357847782135e+09
1.917910261672492676e+11 2.335750457393301392e+10
3.944206059437680054e+11 6.441840750361943817e+10
8.111308307896888428e+11 1.761812506573623962e+11
1.668100537200055664e+12 4.758602392861013184e+11
3.430469286314926270e+12 1.267793901066367676e+12
7.054802310718688477e+12 3.335380898735187012e+12
1.450828778495943164e+13 8.685033388627046875e+12
2.983647240283334375e+13 2.244144103857450391e+13
6.135907273413188281e+13 5.767523850239472656e+13
1.261856883066028750e+14 1.477027264348638750e+14
2.595024211399742500e+14 3.774343886639209375e+14
5.336699231206301875e+14 9.632978218833931250e+14
1.097498765493059000e+15 2.457096908025725500e+15
2.257019719633935500e+15 6.266234009170194000e+15
4.641588833612792000e+15 1.598153858025300000e+16
9.545484566618328000e+15 4.076742403127978400e+16
1.963040650040276400e+16 1.040176318383912800e+17
4.037017258596582400e+16 2.654533351893919360e+17
8.302175681319769600e+16 6.775159171085986560e+17
1.707352647470688640e+17 1.729198293402361856e+18
3.511191734215141760e+17 4.412609958042456576e+18
7.220809018385515520e+17 1.125618719539384115e+19
1.484968262254469632e+18 2.869782073618261606e+19
3.053855508833412608e+18 7.311251449972207616e+19
6.280291441834271744e+18 1.861022776629495398e+20
1.291549665014893363e+19 4.732385413984597443e+20
2.656087782946694758e+19 1.202140623691541119e+21
5.462277217684336640e+19 3.050555311411724550e+21
1.123324032978031084e+20 7.733555146592321798e+21
2.310129700083176899e+20 1.958883349000941784e+22
4.750810162102812672e+20 4.958267012686544896e+22
9.770099572992247071e+20 1.254333267925189075e+23
2.009233002565054235e+21 3.171931790155140039e+23
4.132012400115368067e+21 8.019026015929709195e+23
8.497534359086473150e+21 2.026984405275620053e+24
1.747528400007682903e+22 5.123206416064557370e+24
3.593813663804640408e+22 1.294847106692371901e+25
7.390722033525836061e+22 3.272593072896283596e+25
1.519911082952939295e+23 8.271209759192342840e+25
3.125715849688234926e+23 2.090526666599594729e+26
6.428073117284345294e+23 5.283888367598366139e+26
1.321941148466039570e+24 1.335563147323547771e+27
2.718588242732951133e+24 3.375920493144820117e+27
5.590810182512223147e+24 8.533713685670044072e+27
1.149756995397740323e+25 2.157265658850038815e+28
2.364489412645426509e+25 5.453737376668589056e+28
4.862601580065373566e+25 1.378832028768508405e+29
1.000000000000000048e+26 3.486245605105069532e+29
