1.000000000000000082e-05 4.247259379601656480e-43
2.056512308348651521e-05 3.694049649000129526e-42
4.229242874389498849e-05 3.212896014378543526e-41
8.697490026177834418e-05 2.794413113130358242e-40
1.788649529057435026e-04 2.430437988989370452e-39
3.678379771828634167e-04 2.113871034404047286e-38
7.564633275546290073e-04 1.838537230439961774e-37
1.555676143930472335e-03 1.599065902043682625e-36
3.199267137797384610e-03 1.390785985345629151e-35
6.579332246575681983e-03 1.209634727709010446e-34
1.353047774579807516e-02 1.052078585346655432e-33
2.782559402207126012e-02 9.150443070887457162e-33
5.722367659350219987e-02 7.958588763212615514e-32
1.176811952434999031e-01 6.921974548854163550e-31
2.420128264794383366e-01 6.020380508485924314e-30
4.977023564332113681e-01 5.236219960068239354e-29
1.023531021899026783e+00 4.554197026279592294e-28
2.104904144512021791e+00 3.961008356468529402e-27
4.328761281083061796e+00 3.445083085890156987e-26
8.902150854450392004e+00 2.996357586678357892e-25
1.830738280295369691e+01 2.606078991209955156e-24
3.764935806792471595e+01 2.266634621279900219e-23
7.742636826811278183e+01 2.694175026081813570e-22
1.592282793341093736e+02 1.714625954860482661e-21
3.274549162877731874e+02 3.007743141796901850e-16
6.734150657750827804e+02 1.297051669714655533e-19
1.384886371393874470e+03 1.437096616147856357e-17
2.848035868435804787e+03 9.811720186786256542e-18
5.857020818056673306e+03 8.533733884934393661e-17
1.204503540258783687e+04 7.422206461210212823e-16
2.477076355991714081e+04 6.455456748000172895e-15
5.094138014816385839e+04 5.614627152245944904e-14
1.047615752789666149e+05 4.883316409838531421e-13
2.154434690031886566e+05 4.247259811285005887e-12
4.430621457583886804e+05 3.694050355278507067e-11
9.111627561154905707e+05 3.212897260516877697e-10
1.873817422860386781e+06 2.794415287895075006e-09
3.853528593710535206e+06 2.430441959741510214e-08
7.924828983539185487e+06 2.113878106855179643e-07
1.629750834620646760e+07 1.838549844933082415e-06
3.351602650938847661e+07 1.599088518450980214e-05
6.892612104349708557e+07 1.390826416110498606e-04
1.417474162926807702e+08 1.209707016035331453e-03
2.915053062825181484e+08 1.052207899926542282e-02
5.994842503189420700e+08 9.152755284572651473e-02
1.232846739442068338e+09 7.962721929832865531e-01
2.535364493970116615e+09 6.929358690169801882e+00
5.214008287999694824e+09 6.033555456635470904e+01
1.072267222010325432e+10 5.259665621875780062e+02
2.205130739903050232e+10 4.595696101408270806e+03
4.534878508128591156e+10 4.033649090439216525e+04
9.326033468832218933e+10 3.569348405044375686e+05
1.917910261672492676e+11 3.199194572728351224e+06
3.944206059437680054e+11 2.908382766051740199e+07
8.111308307896888428e+11 2.655355531940831840e+08
1.668100537200055664e+12 2.399998693488132000e+09
3.430469286314926270e+12 2.157641877421664810e+10
7.054802310718688477e+12 1.962916709931456299e+11
1.450828778495943164e+13 1.844654356500548584e+12
2.983647240283334375e+13 1.983021561939273828e+13
6.135907273413188281e+13 3.459079251583506875e+14
1.261856883066028750e+14 4.612012843403057000e+15
2.595024211399742500e+14 4.801029589983738400e+16
5.336699231206301875e+14 4.910168328277335040e+17
1.097498765493059000e+15 4.876059877861756928e+18
2.257019719633935500e+15 4.525051578786404762e+19
4.641588833612792000e+15 4.020278974728872264e+20
9.545484566618328000e+15 3.551391071126242198e+21
1.963040650040276400e+16 3.173797815232344202e+22
4.037017258596582400e+16 2.904219080246724605e+23
8.302175681319769600e+16 2.753800856549113064e+24
1.707352647470688640e+17 2.691354992482750691e+25
3.511191734215141760e+17 2.580496350017903997e+26
7.220809018385515520e+17 2.329259522653837366e+27
1.484968262254469632e+18 2.038307689599532509e+28
3.053855508833412608e+18 1.774086592155600889e+29
6.280291441834271744e+18 1.543137101980714505e+30
1.291549665014893363e+19 1.342154644173188887e+31
2.656087782946694758e+19 1.167338942528993909e+32
5.462277217684336640e+19 1.015292012111039519e+33
1.123324032978031084e+20 8.830492152531402515e+33
2.310129700083176899e+20 7.680311821763911349e+34
4.750810162102812672e+20 6.679943582944422446e+35
9.770099572992247071e+20 5.809874282393466331e+36
2.009233002565054235e+21 5.053132317392678160e+37
4.132012400115368067e+21 4.394956814471855334e+38
8.497534359086473150e+21 3.822509319102107484e+39
1.747528400007682903e+22 3.324623636024400824e+40
3.593813663804640408e+22 2.891588108321533909e+41
7.390722033525836061e+22 2.514955883197228616e+42
1.519911082952939295e+23 2.187380340747718695e+43
3.125715849688234926e+23 1.902471887681452620e+44
6.428073117284345294e+23 1.654673032332222086e+45
1.321941148466039570e+24 1.439150202084665377e+46
2.718588242732951133e+24 1.251699461926320461e+47
5.590810182512223147e+24 1.088664363021453476e+48
1.149756995397740323e+25 9.468647312486586885e+48
2.364489412645426509e+25 8.235346621290317570e+49
4.862601580065373566e+25 7.162684539555515080e+50
1.000000000000000048e+26 6.229737644176613222e+51
