1.000000000000000082e-05 1.127233295661522951e-10
2.056512308348651521e-05 2.969574818689684987e-10
4.229242874389498849e-05 7.816202046982604552e-10
8.697490026177834418e-05 2.055578499198507467e-09
1.788649529057435026e-04 5.401836063543208153e-09
3.678379771828634167e-04 1.418623817039731380e-08
7.564633275546290073e-04 3.723674503598801386e-08
1.555676143930472335e-03 9.770717418347661261e-08
3.199267137797384610e-03 2.563374406255847154e-07
6.579332246575681983e-03 6.725220410450075539e-07
1.353047774579807516e-02 1.764748825545649515e-06
2.782559402207126012e-02 4.632412117589096715e-06
5.722367659350219987e-02 1.216554470998020527e-05
1.176811952434999031e-01 3.196688892905125021e-05
2.420128264794383366e-01 8.405340716842952316e-05
4.977023564332113681e-01 2.211727959536865086e-04
1.023531021899026783e+00 5.824575721302565658e-04
2.104904144512021791e+00 1.535288692698927836e-03
4.328761281083061796e+00 4.050798280463435881e-03
8.902150854450392004e+00 1.069909081665022452e-02
1.830738280295369691e+01 2.829016423571766026e-02
3.764935806792471595e+01 7.489109369909040248e-02
7.742636826811278183e+01 2.653605399682418819e-01
1.592282793341093736e+02 5.267471765268553208e-01
3.274549162877731874e+02 1.399620303636099239e+00
6.734150657750827804e+02 3.723885267240298003e+00
1.384886371393874470e+03 9.922276475937659157e+00
2.848035868435804787e+03 2.648258999958590110e+01
5.857020818056673306e+03 7.083359491758457693e+01
1.204503540258783687e+04 1.900181618538382793e+02
2.477076355991714081e+04 5.119300553010447175e+02
5.094138014816385839e+04 1.388020678474488477e+03
1.047615752789666149e+05 3.799076361322022422e+03
2.154434690031886566e+05 1.053870800395364313e+04
4.430621457583886804e+05 2.975457993848766273e+04
9.111627561154905707e+05 8.572768275022205489e+04
1.873817422860386781e+06 2.516166132032381720e+05
3.853528593710535206e+06 7.463634141207610955e+05
7.924828983539185487e+06 2.209568521559890360e+06
1.629750834620646760e+07 6.450544001195254736e+06
3.351602650938847661e+07 1.844335124561977759e+07
6.892612104349708557e+07 5.160503458556935936e+07
1.417474162926807702e+08 1.417596385871704817e+08
2.915053062825181484e+08 3.841097886429243684e+08
5.994842503189420700e+08 1.031176794308642745e+09
1.232846739442068338e+09 2.752441174997206211e+09
2.535364493970116615e+09 7.323285975930101395e+09
5.214008287999694824e+09 1.945462259760929489e+10
1.072267222010325432e+10 5.165618694345376587e+10
2.205130739903050232e+10 1.371731247126486053e+11
4.534878508128591156e+10 3.644083298062023315e+11
9.326033468832218933e+10 9.685206928896003418e+11
1.917910261672492676e+11 2.575040552720200684e+12
3.944206059437680054e+11 6.847144018038683594e+12
8.111308307896888428e+11 1.820258481304957422e+13
1.668100537200055664e+12 4.835853599205602344e+13
3.430469286314926270e+12 1.283338686944233750e+14
7.054802310718688477e+12 3.400574074984869375e+14
1.450828778495943164e+13 8.994354337720788750e+14
2.983647240283334375e+13 2.374175488485677000e+15
6.135907273413188281e+13 6.254169716357071000e+15
1.261856883066028750e+14 1.644376093528516200e+16
2.595024211399742500e+14 4.316457559088149600e+16
5.336699231206301875e+14 1.131614116257478880e+17
1.097498765493059000e+15 2.963941557036331520e+17
2.257019719633935500e+15 7.758595769645790720e+17
4.641588833612792000e+15 2.030235403662745088e+18
9.545484566618328000e+15 5.313533301377800192e+18
1.963040650040276400e+16 1.389619057968845619e+19
4.037017258596582400e+16 3.635436283744260915e+19
8.302175681319769600e+16 9.511112153954903654e+19
1.707352647470688640e+17 2.488446104613862113e+20
3.511191734215141760e+17 6.511112353034998907e+20
7.220809018385515520e+17 1.703793028493086556e+21
1.484968262254469632e+18 4.458805777226969121e+21
3.053855508833412608e+18 1.166993830051610362e+22
6.280291441834271744e+18 3.054733209982208888e+22
1.291549665014893363e+19 7.997247575506817961e+22
2.656087782946694758e+19 2.094026023762838893e+23
5.462277217684336640e+19 5.484128137477024372e+23
1.123324032978031084e+20 1.436576870419062826e+24
2.310129700083176899e+20 3.764109286122909552e+24
4.750810162102812672e+20 9.865565994915063753e+24
9.770099572992247071e+20 2.586579348416982301e+25
2.009233002565054235e+21 6.784102744397027912e+25
4.132012400115368067e+21 1.780098955044967328e+26
8.497534359086473150e+21 4.673070449476054745e+26
1.747528400007682903e+22 1.227410476795361678e+27
3.593813663804640408e+22 3.225758406164578895e+27
7.390722033525836061e+22 8.483021520776029374e+27
1.519911082952939295e+23 2.232372946170131356e+28
3.125715849688234926e+23 5.878949851567655533e+28
6.428073117284345294e+23 1.549387638468798492e+29
1.321941148466039570e+24 4.086487178372121891e+29
2.718588242732951133e+24 1.078605779761352069e+30
5.590810182512223147e+24 2.848864261656188414e+30
1.149756995397740323e+25 7.528916831471652042e+30
2.364489412645426509e+25 1.990586740682132692e+31
4.862601580065373566e+25 5.264129677797174653e+31
1.000000000000000048e+26 1.392054822470412236e+32
