1.000000000000000082e-05 1.519814788996481223e-07
2.056512308348651521e-05 4.641261950797672390e-07
4.229242874389498849e-05 1.427657517510130946e-06
8.697490026177834418e-05 4.448589840941064247e-06
1.788649529057435026e-04 1.419116930063541255e-05
3.678379771828634167e-04 4.706989372951039428e-05
7.564633275546290073e-04 1.643718905671510727e-04
1.555676143930472335e-03 5.986103199425392212e-04
3.199267137797384610e-03 2.185691790255353366e-03
6.579332246575681983e-03 7.677829068406835482e-03
1.353047774579807516e-02 2.559027871584357988e-02
2.782559402207126012e-02 8.170086533346189450e-02
5.722367659350219987e-02 2.538684688686935198e-01
1.176811952434999031e-01 7.778276622611618452e-01
2.420128264794383366e-01 2.369628364568046486e+00
4.977023564332113681e-01 7.211172948609321232e+00
1.023531021899026783e+00 2.196763288941068382e+01
2.104904144512021791e+00 6.702186845967302986e+01
4.328761281083061796e+00 2.046403587084570290e+02
8.902150854450392004e+00 6.243388026620297069e+02
1.830738280295369691e+01 1.899366309642866327e+03
3.764935806792471595e+01 5.750340436052313635e+03
7.742636826811278183e+01 1.730255643772408075e+04
1.592282793341093736e+02 5.173471604104278231e+04
3.274549162877731874e+02 1.538557627106963773e+05
6.734150657750827804e+02 4.558112543952394044e+05
1.384886371393874470e+03 1.347358506498126779e+06
2.848035868435804787e+03 3.978521757525485009e+06
5.857020818056673306e+03 1.174355389297022298e+07
1.204503540258783687e+04 3.466275195167701691e+07
2.477076355991714081e+04 1.023253281054908782e+08
5.094138014816385839e+04 3.021331905472047925e+08
1.047615752789666149e+05 8.923617845420590639e+08
2.154434690031886566e+05 2.636620873553604603e+09
4.430621457583886804e+05 7.793965636565820694e+09
9.111627561154905707e+05 2.305278551774002457e+10
1.873817422860386781e+06 6.823429069849571991e+10
3.853528593710535206e+06 2.021484960635576782e+11
7.924828983539185487e+06 5.995328315903310547e+11
1.629750834620646760e+07 1.780455037651828369e+12
3.351602650938847661e+07 5.295918298012050781e+12
6.892612104349708557e+07 1.578226601257194531e+13
1.417474162926807702e+08 4.713521047781544531e+13
2.915053062825181484e+08 1.411215639884889375e+14
5.994842503189420700e+08 4.236483299926215625e+14
1.232846739442068338e+09 1.275306029232125750e+15
2.535364493970116615e+09 3.849051140872529500e+15
5.214008287999694824e+09 1.164141518450850600e+16
1.072267222010325432e+10 3.525059195243769200e+16
2.205130739903050232e+10 1.067187559148599040e+17
4.534878508128591156e+10 3.224754824859334400e+17
9.326033468832218933e+10 9.709836540044971520e+17
1.917910261672492676e+11 2.909858181700646400e+18
3.944206059437680054e+11 8.676431844866117632e+18
8.111308307896888428e+11 2.575678869589350810e+19
1.668100537200055664e+12 7.621827952386267546e+19
3.430469286314926270e+12 2.251178284208884285e+20
7.054802310718688477e+12 6.642969149735269827e+20
1.450828778495943164e+13 1.959521417620869087e+21
2.983647240283334375e+13 5.779345850041300419e+21
6.135907273413188281e+13 1.704458693873201316e+22
1.261856883066028750e+14 5.026740507653565317e+22
2.595024211399742500e+14 1.482467020519526975e+23
5.336699231206301875e+14 4.372024763770750244e+23
1.097498765493059000e+15 1.289374469163859187e+24
2.257019719633935500e+15 3.802563686158831094e+24
4.641588833612792000e+15 1.121433952244149400e+25
9.545484566618328000e+15 3.307278656749918575e+25
1.963040650040276400e+16 9.753654738194448898e+25
4.037017258596582400e+16 2.876501362378299327e+26
8.302175681319769600e+16 8.483238614060285851e+26
1.707352647470688640e+17 2.501832307426847408e+27
3.511191734215141760e+17 7.378285760882849375e+27
7.220809018385515520e+17 2.175968371600019911e+28
1.484968262254469632e+18 6.417251305379428325e+28
3.053855508833412608e+18 1.892545485114522105e+29
6.280291441834271744e+18 5.581404107308373508e+29
1.291549665014893363e+19 1.646038055781888148e+30
2.656087782946694758e+19 4.854418316372332110e+30
5.462277217684336640e+19 1.431641729995034366e+31
1.123324032978031084e+20 4.222265048857827857e+31
2.310129700083176899e+20 1.245168307412635579e+32
4.750810162102812672e+20 3.672190722527890533e+32
9.770099572992247071e+20 1.082984668200296963e+33
2.009233002565054235e+21 3.193882211610464427e+33
4.132012400115368067e+21 9.419245308161765874e+33
8.497534359086473150e+21 2.777878217295428281e+34
1.747528400007682903e+22 8.192373332469261482e+34
3.593813663804640408e+22 2.416055917848415949e+35
7.390722033525836061e+22 7.125315446779502446e+35
1.519911082952939295e+23 2.101360671498764048e+36
3.125715849688234926e+23 6.197233477191906002e+36
6.428073117284345294e+23 1.827658230243771725e+37
1.321941148466039570e+24 5.390032917010322624e+37
2.718588242732951133e+24 1.589603212806974230e+38
5.590810182512223147e+24 4.687981350164220180e+38
1.149756995397740323e+25 1.382554366410484332e+39
2.364489412645426509e+25 4.077364961532981791e+39
4.862601580065373566e+25 1.202476939747188337e+40
1.000000000000000048e+26 3.546279899043864284e+40
