1.000000000000000082e-05 2.058756757402181459e-09
2.056512308348651521e-05 5.677218621410280099e-09
4.229242874389498849e-05 1.566782439868800752e-08
8.697490026177834418e-05 4.328122003439590982e-08
1.788649529057435026e-04 1.196947501950034558e-07
3.678379771828634167e-04 3.314372840452122924e-07
7.564633275546290073e-04 9.190496378842164968e-07
1.555676143930472335e-03 2.552375614395238028e-06
3.199267137797384610e-03 7.100185479820505316e-06
6.579332246575681983e-03 1.978576906098645493e-05
1.353047774579807516e-02 5.523621336229130627e-05
2.782559402207126012e-02 1.544939033172163152e-04
5.722367659350219987e-02 4.329676066192185381e-04
1.176811952434999031e-01 1.216045043446819292e-03
2.420128264794383366e-01 3.424623860851609518e-03
4.977023564332113681e-01 9.680535703854980037e-03
1.023531021899026783e+00 2.752234271406866356e-02
2.104904144512021791e+00 7.898069409958799469e-02
4.328761281083061796e+00 2.300789717416884261e-01
8.902150854450392004e+00 6.856852415457448391e-01
1.830738280295369691e+01 2.106563224126297040e+00
3.764935806792471595e+01 6.682778132885072608e+00
7.742636826811278183e+01 2.165317245893720965e+01
1.592282793341093736e+02 7.007051917045744460e+01
3.274549162877731874e+02 2.215537514123338099e+02
6.734150657750827804e+02 6.774932542184604927e+02
1.384886371393874470e+03 2.007164260126826093e+03
2.848035868435804787e+03 5.805945158123578949e+03
5.857020818056673306e+03 1.653522192648957935e+04
1.204503540258783687e+04 4.667439702851903712e+04
2.477076355991714081e+04 1.311738271935641533e+05
5.094138014816385839e+04 3.680693017123370664e+05
1.047615752789666149e+05 1.032781372137137339e+06
2.154434690031886566e+05 2.900059816420014482e+06
4.430621457583886804e+05 8.150647752790274099e+06
9.111627561154905707e+05 2.292152414364880696e+07
1.873817422860386781e+06 6.446056331867399067e+07
3.853528593710535206e+06 1.811236732653614283e+08
7.924828983539185487e+06 5.080046515469648242e+08
1.629750834620646760e+07 1.420946452814907551e+09
3.351602650938847661e+07 3.961114932424438953e+09
6.892612104349708557e+07 1.100182423760279083e+10
1.417474162926807702e+08 3.045010232447141647e+10
2.915053062825181484e+08 8.402779586640248108e+10
5.994842503189420700e+08 2.313602647567208252e+11
1.232846739442068338e+09 6.360849913372266846e+11
2.535364493970116615e+09 1.747340187090535645e+12
5.214008287999694824e+09 4.798043519735531250e+12
1.072267222010325432e+10 1.317309277343100977e+13
2.205130739903050232e+10 3.616681084165017969e+13
4.534878508128591156e+10 9.930264962441693750e+13
9.326033468832218933e+10 2.726827065730958125e+14
1.917910261672492676e+11 7.488826079185252500e+14
3.944206059437680054e+11 2.057045696614173000e+15
8.111308307896888428e+11 5.651480555418584000e+15
1.668100537200055664e+12 1.553049742084803400e+16
3.430469286314926270e+12 4.269085558485604000e+16
7.054802310718688477e+12 1.173906174817239040e+17
1.450828778495943164e+13 3.229296423640290560e+17
2.983647240283334375e+13 8.887750995180858880e+17
6.135907273413188281e+13 2.447489195245421056e+18
1.261856883066028750e+14 6.744278723998168064e+18
2.595024211399742500e+14 1.859877168220790784e+19
5.336699231206301875e+14 5.133537343216943923e+19
1.097498765493059000e+15 1.418359865077862728e+20
2.257019719633935500e+15 3.923297010787593748e+20
4.641588833612792000e+15 1.086584769077412758e+21
9.545484566618328000e+15 3.013500394165523972e+21
1.963040650040276400e+16 8.369657345640931262e+21
4.037017258596582400e+16 2.328013650563510881e+22
8.302175681319769600e+16 6.484575048440999838e+22
1.707352647470688640e+17 1.808532318704595485e+23
3.511191734215141760e+17 5.048863998625431746e+23
7.220809018385515520e+17 1.410226858819993196e+24
1.484968262254469632e+18 3.938699337278441377e+24
3.053855508833412608e+18 1.099206072273100811e+25
6.280291441834271744e+18 3.062985355012001589e+25
1.291549665014893363e+19 8.516569034369520536e+25
2.656087782946694758e+19 2.361828162523313118e+26
5.462277217684336640e+19 6.531906309337605383e+26
1.123324032978031084e+20 1.801898949764349061e+27
2.310129700083176899e+20 4.960529944468932459e+27
4.750810162102812672e+20 1.363606271609959174e+28
9.770099572992247071e+20 3.745027006520641702e+28
2.009233002565054235e+21 1.028033822164570335e+29
4.132012400115368067e+21 2.821369186857155758e+29
8.497534359086473150e+21 7.742299786866566855e+29
1.747528400007682903e+22 2.124530711794805151e+30
3.593813663804640408e+22 5.829759697506414122e+30
7.390722033525836061e+22 1.599690347219271744e+31
1.519911082952939295e+23 4.389546976846790738e+31
3.125715849688234926e+23 1.204492363664175209e+32
6.428073117284345294e+23 3.305126762034131250e+32
1.321941148466039570e+24 9.069249842519531773e+32
2.718588242732951133e+24 2.488602838388145749e+33
5.590810182512223147e+24 6.828725296651038105e+33
1.149756995397740323e+25 1.873798087028664401e+34
2.364489412645426509e+25 5.141704017738080957e+34
4.862601580065373566e+25 1.410883405085387572e+35
1.000000000000000048e+26 3.871456894738837796e+35
