1.000000000000000082e-05 5.823425420265630802e-04
2.056512308348651521e-05 2.035593154982461798e-03
4.229242874389498849e-05 7.085516247705095187e-03
8.697490026177834418e-05 2.443885316745735697e-02
1.788649529057435026e-04 8.330245600159412456e-02
3.678379771828634167e-04 2.808856954781080439e-01
7.564633275546290073e-04 9.402247749141127153e-01
1.555676143930472335e-03 3.135896069602141178e+00
3.199267137797384610e-03 1.044577734262468027e+01
6.579332246575681983e-03 3.478883307895429766e+01
1.353047774579807516e-02 1.158927893764650605e+02
2.782559402207126012e-02 3.862800255400806009e+02
5.722367659350219987e-02 1.288474801976793287e+03
1.176811952434999031e-01 4.302235016461799205e+03
2.420128264794383366e-01 1.438492254071080606e+04
4.977023564332113681e-01 4.818431053515508393e+04
1.023531021899026783e+00 1.617808049965636164e+05
2.104904144512021791e+00 5.448330948211028008e+05
4.328761281083061796e+00 1.841814996548833326e+06
8.902150854450392004e+00 6.254879180749725550e+06
1.830738280295369691e+01 2.135355819472685084e+07
3.764935806792471595e+01 7.330094123856368661e+07
7.742636826811278183e+01 2.528583646289272606e+08
1.592282793341093736e+02 8.748568376033970118e+08
3.274549162877731874e+02 3.025394956383310318e+09
6.734150657750827804e+02 1.041085280653693199e+10
1.384886371393874470e+03 3.551606517532801819e+10
2.848035868435804787e+03 1.199784386277655334e+11
5.857020818056673306e+03 4.021051436013909912e+11
1.204503540258783687e+04 1.341384004565570801e+12
2.477076355991714081e+04 4.465639320914185547e+12
5.094138014816385839e+04 1.485614305015914258e+13
1.047615752789666149e+05 4.941196884439828125e+13
2.154434690031886566e+05 1.643351272247675312e+14
4.430621457583886804e+05 5.465374533488890625e+14
9.111627561154905707e+05 1.817635012970571000e+15
1.873817422860386781e+06 6.044942442701076000e+15
3.853528593710535206e+06 2.010379373864888400e+16
7.924828983539185487e+06 6.685958811146585600e+16
1.629750834620646760e+07 2.223559707057397120e+17
3.351602650938847661e+07 7.394938928744331520e+17
6.892612104349708557e+07 2.459349528522145792e+18
1.417474162926807702e+08 8.179095898670614528e+18
2.915053062825181484e+08 2.720139169060758733e+19
5.994842503189420700e+08 9.046421140283857306e+19
1.232846739442068338e+09 3.008581520281747456e+20
2.535364493970116615e+09 1.023116784001259405e+21
5.214008287999694824e+09 3.327617078236537684e+21
1.072267222010325432e+10 1.106670065406074212e+22
2.205130739903050232e+10 3.681660595661808914e+22
4.534878508128591156e+10 1.224023850903826239e+23
9.326033468832218933e+10 4.070760102866023319e+23
1.917910261672492676e+11 1.353819198762104599e+24
3.944206059437680054e+11 4.502424259424071042e+24
8.111308307896888428e+11 1.497380110448035926e+25
1.668100537200055664e+12 4.979860502989601162e+25
3.430469286314926270e+12 1.656162503798026440e+26
7.054802310718688477e+12 5.507932490519369250e+26
1.450828778495943164e+13 1.831781482771087763e+27
2.983647240283334375e+13 6.091994089742084977e+27
6.135907273413188281e+13 2.026026666787320599e+28
1.261856883066028750e+14 6.737987769953079238e+28
2.595024211399742500e+14 2.240866549221392601e+29
5.336699231206301875e+14 7.452495115346154482e+29
1.097498765493059000e+15 2.478486860097150493e+30
2.257019719633935500e+15 8.242757351733398280e+30
4.641588833612792000e+15 2.741310541684547415e+31
9.545484566618328000e+15 9.116830166011799440e+31
1.963040650040276400e+16 3.031998239823721463e+32
4.037017258596582400e+16 1.008358053682928600e+33
8.302175681319769600e+16 3.353516228971308269e+33
1.707352647470688640e+17 1.115284186282017366e+34
3.511191734215141760e+17 3.709123585527239705e+34
7.220809018385515520e+17 1.233550577768765367e+35
1.484968262254469632e+18 4.102438207614765837e+35
3.053855508833412608e+18 1.364356454742600397e+36
6.280291441834271744e+18 4.537467310964573406e+36
1.291549665014893363e+19 1.509032248095936447e+37
2.656087782946694758e+19 5.018620707191492815e+37
5.462277217684336640e+19 1.669052747236043228e+38
1.123324032978031084e+20 5.550792714967840525e+38
2.310129700083176899e+20 1.846039022487699859e+39
4.750810162102812672e+20 6.139409486220065862e+39
9.770099572992247071e+20 2.041795407537987403e+40
2.009233002565054235e+21 6.790431931283297556e+40
4.132012400115368067e+21 2.258307793988574011e+41
8.497534359086473150e+21 7.510498683721487776e+41
1.747528400007682903e+22 2.497778477118547997e+42
3.593813663804640408e+22 8.306913082806820105e+42
7.390722033525836061e+22 2.762646501921643639e+43
1.519911082952939295e+23 9.187776386529512152e+43
3.125715849688234926e+23 3.055597926370152794e+44
6.428073117284345294e+23 1.016206256464377165e+45
1.321941148466039570e+24 3.379612401569150219e+45
2.718588242732951133e+24 1.123964863821292546e+46
5.590810182512223147e+24 3.737992419142891036e+46
1.149756995397740323e+25 1.243149506226224867e+47
2.364489412645426509e+25 4.134369202168108050e+47
4.862601580065373566e+25 1.374975482817849874e+48
1.000000000000000048e+26 4.572774984852968036e+48
