#log[10, Kinetic Energy] log[10,T_BH] Data files: dN/dlog[10, Kinetic Energy]dt
-9.00000e+00 -9.00000e+00
-8.92965e+00 -8.92965e+00
-8.85930e+00 -8.85930e+00
-8.78894e+00 -8.78894e+00
-8.71859e+00 -8.71859e+00
-8.64824e+00 -8.64824e+00
-8.57789e+00 -8.57789e+00
-8.50754e+00 -8.50754e+00
-8.43719e+00 -8.43719e+00
-8.36683e+00 -8.36683e+00
-8.29648e+00 -8.29648e+00
-8.22613e+00 -8.22613e+00
-8.15578e+00 -8.15578e+00
-8.08543e+00 -8.08543e+00
-8.01508e+00 -8.01508e+00
-7.94472e+00 -7.94472e+00
-7.87437e+00 -7.87437e+00
-7.80402e+00 -7.80402e+00
-7.73367e+00 -7.73367e+00
-7.66332e+00 -7.66332e+00
-7.59296e+00 -7.59296e+00
-7.52261e+00 -7.52261e+00
-7.45226e+00 -7.45226e+00
-7.38191e+00 -7.38191e+00
-7.31156e+00 -7.31156e+00
-7.24121e+00 -7.24121e+00
-7.17085e+00 -7.17085e+00
-7.10050e+00 -7.10050e+00
-7.03015e+00 -7.03015e+00
-6.95980e+00 -6.95980e+00
-6.88945e+00 -6.88945e+00
-6.81910e+00 -6.81910e+00
-6.74874e+00 -6.74874e+00
-6.67839e+00 -6.67839e+00
-6.60804e+00 -6.60804e+00
-6.53769e+00 -6.53769e+00
-6.46734e+00 -6.46734e+00
-6.39698e+00 -6.39698e+00
-6.32663e+00 -6.32663e+00
-6.25628e+00 -6.25628e+00
-6.18593e+00 -6.18593e+00
-6.11558e+00 -6.11558e+00
-6.04523e+00 -6.04523e+00
-5.97487e+00 -5.97487e+00
-5.90452e+00 -5.90452e+00
-5.83417e+00 -5.83417e+00
-5.76382e+00 -5.76382e+00
-5.69347e+00 -5.69347e+00
-5.62312e+00 -5.62312e+00
-5.55276e+00 -5.55276e+00
-5.48241e+00 -5.48241e+00
-5.41206e+00 -5.41206e+00
-5.34171e+00 -5.34171e+00
-5.27136e+00 -5.27136e+00
-5.20101e+00 -5.20101e+00
-5.13065e+00 -5.13065e+00
-5.06030e+00 -5.06030e+00
-4.98995e+00 -4.98995e+00
-4.91960e+00 -4.91960e+00
-4.84925e+00 -4.84925e+00
-4.77889e+00 -4.77889e+00
-4.70854e+00 -4.70854e+00
-4.63819e+00 -4.63819e+00
-4.56784e+00 -4.56784e+00
-4.49749e+00 -4.49749e+00
-4.42714e+00 -4.42714e+00
-4.35678e+00 -4.35678e+00
-4.28643e+00 -4.28643e+00
-4.21608e+00 -4.21608e+00
-4.14573e+00 -4.14573e+00
-4.07538e+00 -4.07538e+00
-4.00503e+00 -4.00503e+00
-3.93467e+00 -3.93467e+00
-3.86432e+00 -3.86432e+00
-3.79397e+00 -3.79397e+00
-3.72362e+00 -3.72362e+00
-3.65327e+00 -3.65327e+00
-3.58291e+00 -3.58291e+00
-3.51256e+00 -3.51256e+00
-3.44221e+00 -3.44221e+00
-3.37186e+00 -3.37186e+00
-3.30151e+00 -3.30151e+00
-3.23116e+00 -3.23116e+00
-3.16080e+00 -3.16080e+00
-3.09045e+00 -3.09045e+00
-3.02010e+00 -3.02010e+00
-2.94975e+00 -2.94975e+00
-2.87940e+00 -2.87940e+00
-2.80905e+00 -2.80905e+00
-2.73869e+00 -2.73869e+00
-2.66834e+00 -2.66834e+00
-2.59799e+00 -2.59799e+00
-2.52764e+00 -2.52764e+00
-2.45729e+00 -2.45729e+00
-2.38693e+00 -2.38693e+00
-2.31658e+00 -2.31658e+00
-2.24623e+00 -2.24623e+00
-2.17588e+00 -2.17588e+00
-2.10553e+00 -2.10553e+00
-2.03518e+00 -2.03518e+00
-1.96482e+00 -1.96482e+00
-1.89447e+00 -1.89447e+00
-1.82412e+00 -1.82412e+00
-1.75377e+00 -1.75377e+00
-1.68342e+00 -1.68342e+00
-1.61307e+00 -1.61307e+00
-1.54271e+00 -1.54271e+00
-1.47236e+00 -1.47236e+00
-1.40201e+00 -1.40201e+00
-1.33166e+00 -1.33166e+00
-1.26131e+00 -1.26131e+00
-1.19095e+00 -1.19095e+00
-1.12060e+00 -1.12060e+00
-1.05025e+00 -1.05025e+00
-9.79899e-01 -9.79899e-01
-9.09548e-01 -9.09548e-01
-8.39196e-01 -8.39196e-01
-7.68844e-01 -7.68844e-01
-6.98492e-01 -6.98492e-01
-6.28141e-01 -6.28141e-01
-5.57789e-01 -5.57789e-01
-4.87437e-01 -4.87437e-01
-4.17085e-01 -4.17085e-01
-3.46734e-01 -3.46734e-01
-2.76382e-01 -2.76382e-01
-2.06030e-01 -2.06030e-01
-1.35678e-01 -1.35678e-01
-6.53266e-02 -6.53266e-02
5.02513e-03 5.02513e-03
7.53769e-02 7.53769e-02
1.45729e-01 1.45729e-01
2.16080e-01 2.16080e-01
2.86432e-01 2.86432e-01
3.56784e-01 3.56784e-01
4.27136e-01 4.27136e-01
4.97487e-01 4.97487e-01
5.67839e-01 5.67839e-01
6.38191e-01 6.38191e-01
7.08543e-01 7.08543e-01
7.78894e-01 7.78894e-01
8.49246e-01 8.49246e-01
9.19598e-01 9.19598e-01
9.89950e-01 9.89950e-01
1.06030e+00 1.06030e+00
1.13065e+00 1.13065e+00
1.20101e+00 1.20101e+00
1.27136e+00 1.27136e+00
1.34171e+00 1.34171e+00
1.41206e+00 1.41206e+00
1.48241e+00 1.48241e+00
1.55276e+00 1.55276e+00
1.62312e+00 1.62312e+00
1.69347e+00 1.69347e+00
1.76382e+00 1.76382e+00
1.83417e+00 1.83417e+00
1.90452e+00 1.90452e+00
1.97487e+00 1.97487e+00
2.04523e+00 2.04523e+00
2.11558e+00 2.11558e+00
2.18593e+00 2.18593e+00
2.25628e+00 2.25628e+00
2.32663e+00 2.32663e+00
2.39698e+00 2.39698e+00
2.46734e+00 2.46734e+00
2.53769e+00 2.53769e+00
2.60804e+00 2.60804e+00
2.67839e+00 2.67839e+00
2.74874e+00 2.74874e+00
2.81910e+00 2.81910e+00
2.88945e+00 2.88945e+00
2.95980e+00 2.95980e+00
3.03015e+00 3.03015e+00
3.10050e+00 3.10050e+00
3.17085e+00 3.17085e+00
3.24121e+00 3.24121e+00
3.31156e+00 3.31156e+00
3.38191e+00 3.38191e+00
3.45226e+00 3.45226e+00
3.52261e+00 3.52261e+00
3.59296e+00 3.59296e+00
3.66332e+00 3.66332e+00
3.73367e+00 3.73367e+00
3.80402e+00 3.80402e+00
3.87437e+00 3.87437e+00
3.94472e+00 3.94472e+00
4.01508e+00 4.01508e+00
4.08543e+00 4.08543e+00
4.15578e+00 4.15578e+00
4.22613e+00 4.22613e+00
4.29648e+00 4.29648e+00
4.36683e+00 4.36683e+00
4.43719e+00 4.43719e+00
4.50754e+00 4.50754e+00
4.57789e+00 4.57789e+00
4.64824e+00 4.64824e+00
4.71859e+00 4.71859e+00
4.78894e+00 4.78894e+00
4.85930e+00 4.85930e+00
4.92965e+00 4.92965e+00
5.00000e+00 5.00000e+00
