   0.0000000e+00   0.0000000e+00
   1.0000000e-10   5.1927791e-20
   1.2045035e-10   7.4303555e-20
   1.4508288e-10   1.0632105e-19
   1.7475284e-10   1.5213493e-19
   2.1049041e-10   2.1769009e-19
   2.5353645e-10   3.1149304e-19
   3.0538555e-10   4.4571582e-19
   3.6783798e-10   6.3777536e-19
   4.4306215e-10   9.1259366e-19
   5.3366992e-10   1.3058315e-18
   6.4280731e-10   1.8685161e-18
   7.7426368e-10   2.6736622e-18
   9.3260335e-10   3.8257469e-18
   1.1233240e-09   5.4742664e-18
   1.3530478e-09   7.8331353e-18
   1.6297508e-09   1.1208444e-17
   1.9630407e-09   1.6038178e-17
   2.3644894e-09   2.2949050e-17
   2.8480359e-09   3.2837828e-17
   3.4304693e-09   4.6987692e-17
   4.1320124e-09   6.7234753e-17
   4.9770236e-09   9.6206300e-17
   5.9948425e-09   1.3766173e-16
   7.2208090e-09   1.9698035e-16
   8.6974900e-09   2.8185946e-16
   1.0476158e-08   4.0331309e-16
   1.2618569e-08   5.7710126e-16
   1.5199111e-08   8.2577499e-16
   1.8307383e-08   1.1816026e-15
   2.2051307e-08   1.6907568e-15
   2.6560878e-08   2.4193062e-15
   3.1992671e-08   3.4617887e-15
   3.8535286e-08   4.9534784e-15
   4.6415888e-08   7.0879393e-15
   5.5908102e-08   1.0142143e-14
   6.7341507e-08   1.4512407e-14
   8.1113083e-08   2.0765824e-14
   9.7700996e-08   2.9713849e-14
   1.1768120e-07   4.2517593e-14
   1.4174742e-07   6.0838491e-14
   1.7073526e-07   8.7053895e-14
   2.0565123e-07   1.2456556e-13
   2.4770764e-07   1.7824108e-13
   2.9836472e-07   2.5504549e-13
   3.5938137e-07   3.6494508e-13
   4.3287613e-07   5.2220065e-13
   5.2140083e-07   7.4721804e-13
   6.2802914e-07   1.0691960e-12
   7.5646333e-07   1.5299153e-12
   9.1116276e-07   2.1891600e-12
   1.0974988e-06   3.1324757e-12
   1.3219411e-06   4.4822700e-12
   1.5922828e-06   6.4136972e-12
   1.9179103e-06   9.1773868e-12
   2.3101297e-06   1.3131968e-11
   2.7825594e-06   1.8790606e-11
   3.3516027e-06   2.6887600e-11
   4.0370173e-06   3.8473669e-11
   4.8626016e-06   5.5052311e-11
   5.8570208e-06   7.8774919e-11
   7.0548023e-06   1.1271999e-10
   8.4975344e-06   1.6129265e-10
   1.0235310e-05   2.3079639e-10
   1.2328467e-05   3.3025121e-10
   1.4849683e-05   4.7256439e-10
   1.7886495e-05   6.7620593e-10
   2.1544347e-05   9.6760623e-10
   2.5950242e-05   1.3845874e-09
   3.1257158e-05   1.9812741e-09
   3.7649358e-05   2.8351216e-09
   4.5348785e-05   4.0569757e-09
   5.4622772e-05   5.8054703e-09
   6.5793322e-05   8.3076385e-09
   7.9248290e-05   1.1888416e-08
   9.5454846e-05   1.7012884e-08
   1.1497570e-04   2.4346745e-08
   1.3848864e-04   3.4842940e-08
   1.6681005e-04   4.9865685e-08
   2.0092330e-04   7.1368179e-08
   2.4201283e-04   1.0214720e-07
   2.9150531e-04   1.4620806e-07
   3.5111917e-04   2.0928774e-07
   4.2292429e-04   2.9960536e-07
   5.0941380e-04   4.2893898e-07
   6.1359073e-04   6.1417173e-07
   7.3907220e-04   8.7951330e-07
   8.9021509e-04   1.2596945e-06
   1.0722672e-03   1.8045659e-06
   1.2915497e-03   2.5857247e-06
   1.5556761e-03   3.7060806e-06
   1.8738174e-03   5.3136850e-06
   2.2570197e-03   7.6217674e-06
   2.7185882e-03   1.0937837e-05
   3.2745492e-03   1.5706078e-05
   3.9442061e-03   2.2569326e-05
   4.7508102e-03   3.2460063e-05
   5.7223677e-03   4.6734679e-05
   6.8926121e-03   6.7372778e-05
   8.3021757e-03   9.7275102e-05
   1.0000000e-02   1.3211053e-04
   1.0317200e-02   1.4322107e-04
   1.0644500e-02   1.5524226e-04
   1.0982200e-02   1.6811776e-04
   1.1330500e-02   1.8175291e-04
   1.1690000e-02   1.9600861e-04
   1.2060800e-02   2.1072301e-04
   1.2443400e-02   2.2572287e-04
   1.2838100e-02   2.4085488e-04
   1.3245400e-02   2.5601719e-04
   1.3665500e-02   2.7119255e-04
   1.4099000e-02   2.8646270e-04
   1.4546300e-02   3.0202987e-04
   1.5007700e-02   3.1820860e-04
   1.5483800e-02   3.3540422e-04
   1.5975000e-02   3.5409903e-04
   1.6481700e-02   3.7481724e-04
   1.7004600e-02   3.9808198e-04
   1.7544000e-02   4.2437887e-04
   1.8100500e-02   4.5408702e-04
   1.8674700e-02   4.8741284e-04
   1.9267100e-02   5.2431588e-04
   1.9878300e-02   5.6444683e-04
   2.0508800e-02   6.0715298e-04
   2.1159400e-02   6.5156460e-04
   2.1830600e-02   6.9683246e-04
   2.2523200e-02   7.4241543e-04
   2.3237600e-02   7.8839779e-04
   2.3974800e-02   8.3562120e-04
   2.4735300e-02   8.8565788e-04
   2.5520000e-02   9.4047978e-04
   2.6329500e-02   1.0020744e-03
   2.7164700e-02   1.0718599e-03
   2.8026400e-02   1.1502061e-03
   2.8915500e-02   1.2361133e-03
   2.9832700e-02   1.3273303e-03
   3.0779100e-02   1.4212064e-03
   3.1755500e-02   1.5161299e-03
   3.2762800e-02   1.6128718e-03
   3.3802100e-02   1.7149192e-03
   3.4874400e-02   1.8273204e-03
   3.5980700e-02   1.9544399e-03
   3.7122000e-02   2.0975701e-03
   3.8299600e-02   2.2537323e-03
   3.9514600e-02   2.4170752e-03
   4.0768000e-02   2.5832070e-03
   4.2061300e-02   2.7537715e-03
   4.3395500e-02   2.9371710e-03
   4.4772100e-02   3.1432803e-03
   4.6192400e-02   3.3757629e-03
   4.7657700e-02   3.6281596e-03
   4.9169500e-02   3.8893583e-03
   5.0729300e-02   4.1565532e-03
   5.2338500e-02   4.4421675e-03
   5.3998800e-02   4.7634097e-03
   5.5711700e-02   5.1234906e-03
   5.7479000e-02   5.5065737e-03
   5.9302300e-02   5.8996031e-03
   6.1183500e-02   6.3166050e-03
   6.3124400e-02   6.7852986e-03
   6.5126800e-02   7.3075914e-03
   6.7192800e-02   7.8561039e-03
   6.9324200e-02   8.4259679e-03
   7.1523300e-02   9.0557850e-03
   7.3792200e-02   9.7639243e-03
   7.6133000e-02   1.0514283e-02
   7.8548100e-02   1.1299376e-02
   8.1039800e-02   1.2175638e-02
   8.3610600e-02   1.3148043e-02
   8.6262800e-02   1.4165544e-02
   8.8999300e-02   1.5269764e-02
   9.1822500e-02   1.6513328e-02
   9.4735300e-02   1.7833138e-02
   9.7740500e-02   1.9256334e-02
   1.0084100e-01   2.0859547e-02
   1.0404000e-01   2.2564962e-02
   1.0734000e-01   2.4430841e-02
   1.1074500e-01   2.6513790e-02
   1.1425800e-01   2.8729718e-02
   1.1788300e-01   3.1216866e-02
   1.2162200e-01   3.3914281e-02
   1.2548000e-01   3.6877485e-02
   1.2946100e-01   4.0167622e-02
   1.3356800e-01   4.3739806e-02
   1.3780500e-01   4.7746698e-02
   1.4217600e-01   5.2099114e-02
   1.4668600e-01   5.6991379e-02
   1.5133900e-01   6.2336078e-02
   1.5614000e-01   6.8335289e-02
   1.6109300e-01   7.4955248e-02
   1.6620300e-01   8.2341267e-02
   1.7147600e-01   9.0611675e-02
   1.7691500e-01   9.9776409e-02
   1.8252700e-01   1.1012870e-01
   1.8831700e-01   1.2169044e-01
   1.9429100e-01   1.3465171e-01
   2.0045400e-01   1.4933268e-01
   2.0681300e-01   1.6587256e-01
   2.1337400e-01   1.8451787e-01
   2.2014200e-01   2.0568955e-01
   2.2712600e-01   2.2979515e-01
   2.3433100e-01   2.5723036e-01
   2.4176400e-01   2.8849991e-01
   2.4943300e-01   3.2425003e-01
   2.5734600e-01   3.6524737e-01
   2.6550900e-01   4.1237379e-01
   2.7393200e-01   4.6666675e-01
   2.8262100e-01   5.2933827e-01
   2.9158700e-01   6.0183712e-01
   3.0083600e-01   6.8584732e-01
   3.1037900e-01   7.8337006e-01
   3.2022500e-01   8.9672632e-01
   3.3038300e-01   1.0285467e+00
   3.4086400e-01   1.1818028e+00
   3.5167700e-01   1.3598988e+00
   3.6283300e-01   1.5667602e+00
   3.7434200e-01   1.8062139e+00
   3.8621700e-01   2.0816995e+00
   3.9846900e-01   2.3970643e+00
   4.1110900e-01   2.7543217e+00
   4.2415000e-01   3.1537218e+00
   4.3760500e-01   3.5929780e+00
   4.5148700e-01   4.0653086e+00
   4.6580900e-01   4.5588559e+00
   4.8058500e-01   5.0573234e+00
   4.9583000e-01   5.5385627e+00
   5.1155900e-01   5.9783295e+00
   5.2778600e-01   6.3531498e+00
   5.4452900e-01   6.6436850e+00
   5.6180200e-01   6.8378021e+00
   5.7962400e-01   6.9328021e+00
   5.9801100e-01   6.9345465e+00
   6.1698100e-01   6.8558972e+00
   6.3655200e-01   6.7141232e+00
   6.5674500e-01   6.5283612e+00
   6.7757800e-01   6.3180343e+00
   6.9907200e-01   6.1017720e+00
   7.2124800e-01   5.8976934e+00
   7.4412800e-01   5.7238711e+00
   7.6773300e-01   5.5990892e+00
   7.9208700e-01   5.5428488e+00
   8.1721300e-01   5.5738000e+00
   8.4313700e-01   5.7048194e+00
   8.6988300e-01   5.9336980e+00
   8.9747700e-01   6.2324471e+00
   9.2594700e-01   6.5443148e+00
   9.5532000e-01   6.7982822e+00
   9.8562500e-01   6.9376658e+00
   1.0168900e+00   6.9428731e+00
   1.0491500e+00   6.8325979e+00
   1.0824300e+00   6.6474251e+00
   1.1167700e+00   6.4359526e+00
   1.1521900e+00   6.2463795e+00
   1.1887400e+00   6.1294604e+00
   1.2264500e+00   6.1322600e+00
   1.2653600e+00   6.2809308e+00
   1.3055000e+00   6.5409265e+00
   1.3469100e+00   6.7996987e+00
   1.3896400e+00   6.9316724e+00
   1.4337200e+00   6.8904725e+00
   1.4792000e+00   6.7228045e+00
   1.5261200e+00   6.5140467e+00
   1.5745300e+00   6.3569178e+00
   1.6244800e+00   6.3409526e+00
   1.6760100e+00   6.5100552e+00
   1.7291800e+00   6.7696985e+00
   1.7840300e+00   6.9124419e+00
   1.8406200e+00   6.8455035e+00
   1.8990100e+00   6.6515811e+00
   1.9592500e+00   6.4727631e+00
   2.0214000e+00   6.4523769e+00
   2.0855300e+00   6.6497260e+00
   2.1516800e+00   6.8676866e+00
   2.2199400e+00   6.8614001e+00
   2.2903600e+00   6.6758992e+00
   2.3630100e+00   6.5119015e+00
   2.4379700e+00   6.5655037e+00
   2.5153100e+00   6.8042238e+00
   2.5951000e+00   6.8686182e+00
   2.6774200e+00   6.6970053e+00
   2.7623500e+00   6.5450560e+00
   2.8499800e+00   6.6580167e+00
   2.9403900e+00   6.8614014e+00
   3.0336600e+00   6.7763045e+00
   3.1299000e+00   6.5918184e+00
   3.2291800e+00   6.6549600e+00
   3.3316200e+00   6.8543100e+00
   3.4373000e+00   6.7445576e+00
   3.5463400e+00   6.5956458e+00
   3.6588400e+00   6.7622749e+00
   3.7749100e+00   6.8231782e+00
   3.8946500e+00   6.6369613e+00
   4.0182000e+00   6.7096515e+00
   4.1456600e+00   6.8312951e+00
   4.2771700e+00   6.6527951e+00
   4.4128500e+00   6.7302936e+00
   4.5528400e+00   6.8077881e+00
   4.6972600e+00   6.6403888e+00
   4.8462700e+00   6.8044133e+00
   5.0000000e+00   6.7275673e+00
