   0.0000000e+00   0.0000000e+00
   1.0000000e-02   7.7188042e-10
   1.0317200e-02   8.6061912e-10
   1.0644500e-02   9.6605751e-10
   1.0982200e-02   1.0919882e-09
   1.1330500e-02   1.2431328e-09
   1.1690000e-02   1.4252467e-09
   1.2060800e-02   1.6454206e-09
   1.2443400e-02   1.9120321e-09
   1.2838100e-02   2.2347812e-09
   1.3245400e-02   2.6242443e-09
   1.3665500e-02   3.0910925e-09
   1.4099000e-02   3.6444475e-09
   1.4546300e-02   4.2896951e-09
   1.5007700e-02   5.0260002e-09
   1.5483800e-02   5.8443112e-09
   1.5975000e-02   6.7280522e-09
   1.6481700e-02   7.6571332e-09
   1.7004600e-02   8.6152008e-09
   1.7544000e-02   9.5984219e-09
   1.8100500e-02   1.0621362e-08
   1.8674700e-02   1.1719517e-08
   1.9267100e-02   1.2948056e-08
   1.9878300e-02   1.4379374e-08
   2.0508800e-02   1.6100575e-08
   2.1159400e-02   1.8210165e-08
   2.1830600e-02   2.0812512e-08
   2.2523200e-02   2.4004585e-08
   2.3237600e-02   2.7852979e-08
   2.3974800e-02   3.2360480e-08
   2.4735300e-02   3.7441834e-08
   2.5520000e-02   4.2934835e-08
   2.6329500e-02   4.8677509e-08
   2.7164700e-02   5.4628620e-08
   2.8026400e-02   6.0965760e-08
   2.8915500e-02   6.8098140e-08
   2.9832700e-02   7.6598251e-08
   3.0779100e-02   8.7076677e-08
   3.1755500e-02   1.0001790e-07
   3.2762800e-02   1.1556498e-07
   3.3802100e-02   1.3334318e-07
   3.4874400e-02   1.5256762e-07
   3.5980700e-02   1.7263295e-07
   3.7122000e-02   1.9389153e-07
   3.8299600e-02   2.1793485e-07
   3.9514600e-02   2.4705323e-07
   4.0768000e-02   2.8314107e-07
   4.2061300e-02   3.2647395e-07
   4.3395500e-02   3.7517689e-07
   4.4772100e-02   4.2672931e-07
   4.6192400e-02   4.8133885e-07
   4.7657700e-02   5.4363719e-07
   4.9169500e-02   6.2006298e-07
   5.0729300e-02   7.1360683e-07
   5.2338500e-02   8.2038168e-07
   5.3998800e-02   9.3388938e-07
   5.5711700e-02   1.0561442e-06
   5.7479000e-02   1.2006905e-06
   5.9302300e-02   1.3793292e-06
   6.1183500e-02   1.5870177e-06
   6.3124400e-02   1.8092722e-06
   6.5126800e-02   2.0522971e-06
   6.7192800e-02   2.3462041e-06
   6.9324200e-02   2.7028055e-06
   7.1523300e-02   3.0960640e-06
   7.3792200e-02   3.5210143e-06
   7.6133000e-02   4.0300726e-06
   7.8548100e-02   4.6456642e-06
   8.1039800e-02   5.3190806e-06
   8.3610600e-02   6.0682050e-06
   8.6262800e-02   6.9863697e-06
   8.8999300e-02   8.0415987e-06
   9.1822500e-02   9.1905809e-06
   9.4735300e-02   1.0577626e-05
   9.7740500e-02   1.2200176e-05
   1.0084100e-01   1.3976504e-05
   1.0404000e-01   1.6125873e-05
   1.0734000e-01   1.8601268e-05
   1.1074500e-01   2.1374446e-05
   1.1425800e-01   2.4749866e-05
   1.1788300e-01   2.8508758e-05
   1.2162200e-01   3.2972340e-05
   1.2548000e-01   3.8157977e-05
   1.2946100e-01   4.4104945e-05
   1.3356800e-01   5.1208150e-05
   1.3780500e-01   5.9262120e-05
   1.4217600e-01   6.8953408e-05
   1.4668600e-01   7.9978814e-05
   1.5133900e-01   9.3222255e-05
   1.5614000e-01   1.0844894e-04
   1.6109300e-01   1.2657808e-04
   1.6620300e-01   1.4783100e-04
   1.7147600e-01   1.7271274e-04
   1.7691500e-01   2.0253627e-04
   1.8252700e-01   2.3723307e-04
   1.8831700e-01   2.7869427e-04
   1.9429100e-01   3.2813927e-04
   2.0045400e-01   3.8632817e-04
   2.0681300e-01   4.5594536e-04
   2.1337400e-01   5.3963061e-04
   2.2014200e-01   6.3945815e-04
   2.2712600e-01   7.5877437e-04
   2.3433100e-01   9.0245821e-04
   2.4176400e-01   1.0761886e-03
   2.4943300e-01   1.2864833e-03
   2.5734600e-01   1.5413905e-03
   2.6550900e-01   1.8511290e-03
   2.7393200e-01   2.2287052e-03
   2.8262100e-01   2.6904559e-03
   2.9158700e-01   3.2570027e-03
   3.0083600e-01   3.9542440e-03
   3.1037900e-01   4.8150721e-03
   3.2022500e-01   5.8814186e-03
   3.3038300e-01   7.2076249e-03
   3.4086400e-01   8.8649359e-03
   3.5167700e-01   1.0944143e-02
   3.6283300e-01   1.3556916e-02
   3.7434200e-01   1.6852053e-02
   3.8621700e-01   2.1040617e-02
   3.9846900e-01   2.6371888e-02
   4.1110900e-01   3.3185820e-02
   4.2415000e-01   4.1955259e-02
   4.3760500e-01   5.3255848e-02
   4.5148700e-01   6.7925051e-02
   4.6580900e-01   8.7030374e-02
   4.8058500e-01   1.1200566e-01
   4.9583000e-01   1.4486219e-01
   5.1155900e-01   1.8823347e-01
   5.2778600e-01   2.4566701e-01
   5.4452900e-01   3.2197791e-01
   5.6180200e-01   4.2357577e-01
   5.7962400e-01   5.5889920e-01
   5.9801100e-01   7.3871396e-01
   6.1698100e-01   9.7617168e-01
   6.3655200e-01   1.2861447e+00
   6.5674500e-01   1.6833750e+00
   6.7757800e-01   2.1774857e+00
   6.9907200e-01   2.7654910e+00
   7.2124800e-01   3.4249688e+00
   7.4412800e-01   4.1065504e+00
   7.6773300e-01   4.7424276e+00
   7.9208700e-01   5.2637942e+00
   8.1721300e-01   5.6233679e+00
   8.4313700e-01   5.8094352e+00
   8.6988300e-01   5.8415539e+00
   8.9747700e-01   5.7571576e+00
   9.2594700e-01   5.5979315e+00
   9.5532000e-01   5.4021241e+00
   9.8562500e-01   5.2030584e+00
   1.0168900e+00   5.0321095e+00
   1.0491500e+00   4.9225355e+00
   1.0824300e+00   4.9117936e+00
   1.1167700e+00   5.0382071e+00
   1.1521900e+00   5.3183930e+00
   1.1887400e+00   5.7130664e+00
   1.2264500e+00   6.1076824e+00
   1.2653600e+00   6.3696013e+00
   1.3055000e+00   6.4364795e+00
   1.3469100e+00   6.3368501e+00
   1.3896400e+00   6.1446249e+00
   1.4337200e+00   5.9370442e+00
   1.4792000e+00   5.7904566e+00
   1.5261200e+00   5.7830755e+00
   1.5745300e+00   5.9702973e+00
   1.6244800e+00   6.2960416e+00
   1.6760100e+00   6.5616233e+00
   1.7291800e+00   6.6119220e+00
   1.7840300e+00   6.4718470e+00
   1.8406200e+00   6.2627757e+00
   1.8990100e+00   6.1171832e+00
   1.9592500e+00   6.1617025e+00
   2.0214000e+00   6.4215675e+00
   2.0855300e+00   6.6675032e+00
   2.1516800e+00   6.6668736e+00
   2.2199400e+00   6.4836294e+00
   2.2903600e+00   6.3066623e+00
   2.3630100e+00   6.3289160e+00
   2.4379700e+00   6.5853459e+00
   2.5153100e+00   6.7397730e+00
   2.5951000e+00   6.6173394e+00
   2.6774200e+00   6.4241464e+00
   2.7623500e+00   6.4300436e+00
   2.8499800e+00   6.6803578e+00
   2.9403900e+00   6.7434093e+00
   3.0336600e+00   6.5583864e+00
   3.1299000e+00   6.4625009e+00
   3.2291800e+00   6.6715551e+00
   3.3316200e+00   6.7594673e+00
   3.4373000e+00   6.5746472e+00
   3.5463400e+00   6.5338383e+00
   3.6588400e+00   6.7604077e+00
   3.7749100e+00   6.6963251e+00
   3.8946500e+00   6.5413346e+00
   4.0182000e+00   6.7208630e+00
   4.1456600e+00   6.7366415e+00
   4.2771700e+00   6.5697450e+00
   4.4128500e+00   6.7383160e+00
   4.5528400e+00   6.7194003e+00
   4.6972600e+00   6.5957257e+00
   4.8462700e+00   6.7871550e+00
   5.0000000e+00   6.6487213e+00
