#Eprimary Enumean for electron muon tau quark charm bottom top w-boson z-boson gluon gamma higgs nue numu nutau
5.000000000000000000e+00 6.794056612317357115e-05 3.135232756300663670e+00 3.357534811875864555e+00 2.101100872563876010e+00 2.018018906093252074e+00 0.000000000000000000e+00 0.000000000000000000e+00 0.000000000000000000e+00 0.000000000000000000e+00 2.018470956526740689e+00 3.005750765796013149e-02 0.000000000000000000e+00 4.471463543394806450e+00 4.471463543394806450e+00 4.471463543394806450e+00
6.000000000000000000e+00 9.741857372918493699e-05 3.761084978807307078e+00 4.030818841543300834e+00 2.515695128872183606e+00 2.420051648574477632e+00 2.847232314213700377e+00 0.000000000000000000e+00 0.000000000000000000e+00 0.000000000000000000e+00 2.419952230029864815e+00 3.922299351358021768e-02 0.000000000000000000e+00 5.365756252073767385e+00 5.365756252073767385e+00 5.365756252073767385e+00
8.000000000000000000e+00 1.635664060056108034e-04 5.009144060550625888e+00 5.373556392456209529e+00 3.344243641632256736e+00 3.223578604191055685e+00 3.802599312124860020e+00 0.000000000000000000e+00 0.000000000000000000e+00 0.000000000000000000e+00 3.223658493039447848e+00 5.776496096177686362e-02 0.000000000000000000e+00 7.154341669431689255e+00 7.154341669431689255e+00 7.154341669431689255e+00
1.000000000000000000e+01 2.469595909477097576e-04 6.257925961845742791e+00 6.714728255289982961e+00 4.171726437462904613e+00 4.026834300424514623e+00 4.705916568435857705e+00 0.000000000000000000e+00 0.000000000000000000e+00 0.000000000000000000e+00 4.025690097523037636e+00 7.598767689319850527e-02 0.000000000000000000e+00 8.942927086789612900e+00 8.942927086789612900e+00 8.942927086789612900e+00
1.500000000000000000e+01 4.962443313949941974e-04 9.374425554048272602e+00 1.006244885056799276e+01 6.239808028101420767e+00 6.033747271929081002e+00 6.971083801965940019e+00 0.000000000000000000e+00 0.000000000000000000e+00 0.000000000000000000e+00 6.035665838301761177e+00 1.202085832163835577e-01 0.000000000000000000e+00 1.341439063018441935e+01 1.341439063018441935e+01 1.341439063018441935e+01
2.000000000000000000e+01 8.315415788817185879e-04 1.248597772399669736e+01 1.340496895765859620e+01 8.307337585223965704e+00 8.040024853126935156e+00 9.234216409212747223e+00 0.000000000000000000e+00 0.000000000000000000e+00 0.000000000000000000e+00 8.040038901111904224e+00 1.629959643318965035e-01 0.000000000000000000e+00 1.788585417357922580e+01 1.788585417357922580e+01 1.788585417357922580e+01
2.500000000000000000e+01 1.202455556923504986e-03 1.559841867900578727e+01 1.674374358774416649e+01 1.036902953977363318e+01 1.004589471288153391e+01 1.149547017952368932e+01 0.000000000000000000e+00 0.000000000000000000e+00 0.000000000000000000e+00 1.004757915182204187e+01 2.058092453915345843e-01 0.000000000000000000e+00 2.235731771697403403e+01 2.235731771697403403e+01 2.235731771697403403e+01
3.000000000000000000e+01 1.554156389054867429e-03 1.870462881771203456e+01 2.008044334306836021e+01 1.243622549129698918e+01 1.205550042297533508e+01 1.375382967094355990e+01 0.000000000000000000e+00 0.000000000000000000e+00 0.000000000000000000e+00 1.205396934814102572e+01 2.487370741992120660e-01 0.000000000000000000e+00 2.682878126036883870e+01 2.682878126036883870e+01 2.682878126036883870e+01
4.000000000000000000e+01 2.380932529540146642e-03 2.492169018151754045e+01 2.675367500873642612e+01 1.655828537417070478e+01 1.606693839735353180e+01 1.826528834626838460e+01 0.000000000000000000e+00 0.000000000000000000e+00 0.000000000000000000e+00 1.606674092112939078e+01 3.323924105581149702e-01 0.000000000000000000e+00 3.577170834715845160e+01 3.577170834715845160e+01 3.577170834715845160e+01
5.000000000000000000e+01 3.360050303551974631e-03 3.115381312485648735e+01 3.345355749777753829e+01 2.070724241181374836e+01 2.010008757184189676e+01 2.278046570771449097e+01 0.000000000000000000e+00 0.000000000000000000e+00 0.000000000000000000e+00 2.008057216958620472e+01 4.171752552680955684e-01 0.000000000000000000e+00 4.482515742151792892e+01 4.482515742151792892e+01 4.482515742151792892e+01
6.000000000000000000e+01 4.272058117792167965e-03 3.738343227966264237e+01 4.014683785338836230e+01 2.485032746082785593e+01 2.413382790199898054e+01 2.728111077184344779e+01 0.000000000000000000e+00 0.000000000000000000e+00 0.000000000000000000e+00 2.409304708974609355e+01 5.052414122620269010e-01 0.000000000000000000e+00 5.386651712678246895e+01 5.386651712678246895e+01 5.386651712678246895e+01
7.000000000000000000e+01 5.242553695991548739e-03 4.361162740355401013e+01 4.681935328725151635e+01 2.898041107534948679e+01 2.816219600286246205e+01 3.177031880742015701e+01 0.000000000000000000e+00 0.000000000000000000e+00 0.000000000000000000e+00 2.810660194554090552e+01 5.886219567517413376e-01 0.000000000000000000e+00 6.289083467496861601e+01 6.289083467496861601e+01 6.289083467496861601e+01
8.000000000000000000e+01 6.296169354346108776e-03 4.982305374478495708e+01 5.349297479268609834e+01 3.310986165190465869e+01 3.218689702508708450e+01 3.625330518758079990e+01 0.000000000000000000e+00 0.000000000000000000e+00 0.000000000000000000e+00 3.212109702263345667e+01 6.702448564170542245e-01 0.000000000000000000e+00 7.189702417988453931e+01 7.189702417988453931e+01 7.189702417988453931e+01
9.000000000000000000e+01 7.342368066410777210e-03 5.602506985140307449e+01 6.015872296678581677e+01 3.723689578863625371e+01 3.620580767251739474e+01 4.072359626663013188e+01 0.000000000000000000e+00 4.539683519624805541e+01 0.000000000000000000e+00 3.612599264664617493e+01 7.570794874382047457e-01 0.000000000000000000e+00 8.088468451533961456e+01 8.088468451533961456e+01 8.088468451533961456e+01
1.000000000000000000e+02 8.416214346437893984e-03 6.224351909161065777e+01 6.681568379517929657e+01 4.135391020282143160e+01 4.022505139378279893e+01 4.518002251777831191e+01 0.000000000000000000e+00 5.028445110614377711e+01 5.274921512766678688e+01 4.013980840473848133e+01 8.411243045455730760e-01 0.000000000000000000e+00 8.985380367846727268e+01 8.985380367846727268e+01 8.985380367846727268e+01
1.100000000000000000e+02 9.620698253324384483e-03 6.842830663667723456e+01 7.345393714867465462e+01 4.547702038439188499e+01 4.423117350366582912e+01 4.963497900967571042e+01 0.000000000000000000e+00 5.505915673440771485e+01 5.794038527812840300e+01 4.416183100046185928e+01 9.241449655413410680e-01 0.000000000000000000e+00 9.880456111464550872e+01 9.880456111464550872e+01 9.880456111464550872e+01
1.200000000000000000e+02 1.088521830508077867e-02 7.460743575791549631e+01 8.010886339673427869e+01 4.958753830975074806e+01 4.824343464567402862e+01 5.407995218450604824e+01 0.000000000000000000e+00 5.982861927924379586e+01 6.292396073219561003e+01 4.817152860521215985e+01 1.009610014068060835e+00 0.000000000000000000e+00 1.077372440745723168e+02 1.077372440745723168e+02 1.077372440745723168e+02
1.300000000000000000e+02 6.994796110473829043e-02 8.084707497933737841e+01 8.678897331409261540e+01 5.369320270628019642e+01 5.226277118593180404e+01 5.854840026545474529e+01 0.000000000000000000e+00 6.508491423560576550e+01 6.855632343432917253e+01 5.218805229453084138e+01 1.108339433891283976e+00 6.049575905158270217e+01 1.167352227078377922e+02 1.167352256112811375e+02 1.167352212971796632e+02
1.400000000000000000e+02 1.018613841617461713e-01 8.706253140983655214e+01 9.343426008911087877e+01 5.781098891324482025e+01 5.627662807016988467e+01 6.302106256563516240e+01 0.000000000000000000e+00 7.011215749810607178e+01 7.382922673401674274e+01 5.619670237763205733e+01 1.218752518169466947e+00 6.529556071186111410e+01 1.256877272222346988e+02 1.256877311586239756e+02 1.256877263809510055e+02
1.500000000000000000e+02 1.362904537055741605e-01 9.324886412389885493e+01 1.000891119337707806e+02 6.194273484373735528e+01 6.029220816364279756e+01 6.749263228107571422e+01 0.000000000000000000e+00 7.512510089289764892e+01 7.910809788198888270e+01 6.020887675179219656e+01 1.332424454032032690e+00 7.008142794008699639e+01 1.346308354722192746e+02 1.346308444219592957e+02 1.346308349947370573e+02
1.600000000000000000e+02 1.816132894546979848e-01 9.947344306865713293e+01 1.067766479605128467e+02 6.605431243187869939e+01 6.432397675100501999e+01 7.195787079315874735e+01 0.000000000000000000e+00 8.015517751788952694e+01 8.437641823683743780e+01 6.422257322355447684e+01 1.451758519503876022e+00 7.487399122621401659e+01 1.435755200330623609e+02 1.435754828424412892e+02 1.435754935002058517e+02
1.800000000000000000e+02 2.797899755308254632e-01 1.118633036545752475e+02 1.200721130712642122e+02 7.428808323777501244e+01 7.235044371583214229e+01 8.090927127075350711e+01 8.844933550252720522e+01 9.064800513811375993e+01 9.497964218648552048e+01 7.225098737301699714e+01 1.711046875647124210e+00 8.449081809854529013e+01 1.614350263682459570e+02 1.614688721769827282e+02 1.614717268480794985e+02
2.000000000000000000e+02 4.009266758797086494e-01 1.242702603623400535e+02 1.333628751909530763e+02 8.254205562302946930e+01 8.043365615127792978e+01 8.987539978016582154e+01 9.855479451725005902e+01 1.011926311289946057e+02 1.060828708569172676e+02 8.026335243661483787e+01 2.003219283879437818e+00 9.412503986945927181e+01 1.792701410611464610e+02 1.793686489497556806e+02 1.793748739752803658e+02
2.200000000000000000e+02 5.298695808099158633e-01 1.366836215994440806e+02 1.466878236299110085e+02 9.081696615949284990e+01 8.849332684727409060e+01 9.883427460113560414e+01 1.084375009533561496e+02 1.116905093995067944e+02 1.172554265050133182e+02 8.829447754804517956e+01 2.306821204039965156e+00 1.037885382852447691e+02 1.970893026849784064e+02 1.972483580455546530e+02 1.972832397895515726e+02
2.400000000000000000e+02 6.781912560728526884e-01 1.490951106373975108e+02 1.599806579409326730e+02 9.907444048846294038e+01 9.656833170791199450e+01 1.077852992564386909e+02 1.182592238420483710e+02 1.221625299043068367e+02 1.283631515070396176e+02 9.630954266354792992e+01 2.634689471583797182e+00 1.134183346266760140e+02 2.148607289915990464e+02 2.151220877879862314e+02 2.151651838490263913e+02
2.600000000000000000e+02 8.333790804647042139e-01 1.614605262540423780e+02 1.733081654338401734e+02 1.073477297885402919e+02 1.046391318766866334e+02 1.167500449259956383e+02 1.280059721604452250e+02 1.325778845934586343e+02 1.393913615098925618e+02 1.043573355793219974e+02 2.965772574056812161e+00 1.231106202428792500e+02 2.325915359188219611e+02 2.329658205112455960e+02 2.330138415920357886e+02
2.800000000000000000e+02 1.013159923351155234e+00 1.738830463802759425e+02 1.866050834946893247e+02 1.155925760925395451e+02 1.127188833408134485e+02 1.257116752735926468e+02 1.377863180914109762e+02 1.430174982715124088e+02 1.504393924295903560e+02 1.123758574638330430e+02 3.317138212196463432e+00 1.327683101461406068e+02 2.503136452989884333e+02 2.508136796929092043e+02 2.508682196007200673e+02
3.000000000000000000e+02 1.210574618583483586e+00 1.862746712740938051e+02 1.998863649694552009e+02 1.238811287021198808e+02 1.207920979318272003e+02 1.346706879839813666e+02 1.474895356260886388e+02 1.534419083475989964e+02 1.614668228864593402e+02 1.204063526131620563e+02 3.690031851245150651e+00 1.424718321394946372e+02 2.680124860437020970e+02 2.686545144864605845e+02 2.687210385487310873e+02
3.300000000000000000e+02 1.498049875688447052e+00 2.048922413698186915e+02 2.198096091405193704e+02 1.362696791610021023e+02 1.329006427205478076e+02 1.481166317283399394e+02 1.620598602819353573e+02 1.691101988573185508e+02 1.779891077139445201e+02 1.324328255508800112e+02 4.253327176846415369e+00 1.570060156362237649e+02 2.944731582636442226e+02 2.953517139880009950e+02 2.954346078643213218e+02
3.600000000000000000e+02 1.798330290736690262e+00 2.234683322259381271e+02 2.397419404328576320e+02 1.486613532971090592e+02 1.450419982218493544e+02 1.615400545697898451e+02 1.766044726015405786e+02 1.846674210691299152e+02 1.945143944468499910e+02 1.444773591780457309e+02 4.878343091018063404e+00 1.715922382372639277e+02 3.209510921834375381e+02 3.220057971658248448e+02 3.222042893341172771e+02
4.000000000000000000e+02 2.208208425610787451e+00 2.481595502246787817e+02 2.662658894663994715e+02 1.651836551202771659e+02 1.611799859683173679e+02 1.794534768808431977e+02 1.959966605918767470e+02 2.054901550076916408e+02 2.164427099720957131e+02 1.605207385667004587e+02 5.729507689737272536e+00 1.909875227276935732e+02 3.560770005880341387e+02 3.574592666863898671e+02 3.577520589152884440e+02
4.500000000000000000e+02 2.898268144337106555e+00 2.791764799434986344e+02 2.994722589173214828e+02 1.858894470314737077e+02 1.813762924896217896e+02 2.018042357250334362e+02 2.201877065982887700e+02 2.314098102432992334e+02 2.438515764547570086e+02 1.805852391840034272e+02 6.856481104283919770e+00 2.152736938433027376e+02 3.998716150203363213e+02 4.018556542267795066e+02 4.021487259549247142e+02
5.000000000000000000e+02 3.580900281634868954e+00 3.100720909364633826e+02 3.326467199396634555e+02 2.065797625834529185e+02 2.016086713597510425e+02 2.242239634086224669e+02 2.443889575983469342e+02 2.573592197539675794e+02 2.712688182846150653e+02 2.006457343812703868e+02 8.075358455252530376e+00 2.396450577158244357e+02 4.434845959510748798e+02 4.461161330050519496e+02 4.464627421321272323e+02
5.500000000000000000e+02 4.265824452254061150e+00 3.409938522406355332e+02 3.657422304132552426e+02 2.272451899524381531e+02 2.218490954865097251e+02 2.465855439558322360e+02 2.685493748578315376e+02 2.833290989064246901e+02 2.985640179080767780e+02 2.207249904930070272e+02 9.335878472184774068e+00 2.639453944368725047e+02 4.869118846846850488e+02 4.902424020309999264e+02 4.906364820102877502e+02
6.000000000000000000e+02 4.968830256673908430e+00 3.717838265834823233e+02 3.987808514965715290e+02 2.479243308017184404e+02 2.420867680188646318e+02 2.689474440922470535e+02 2.927135853651543584e+02 3.090865105091743885e+02 3.259911821204565285e+02 2.408028381745593549e+02 1.069445005692053385e+01 2.883122219045761199e+02 5.301734644647433470e+02 5.342624674857845548e+02 5.347297156655912431e+02
6.500000000000000000e+02 5.723562567656093059e+00 4.028434936303850122e+02 4.320081429814386524e+02 2.686107488241236183e+02 2.623382229198895175e+02 2.912977912510584702e+02 3.168402631734238639e+02 3.349887606764909833e+02 3.532622122881624023e+02 2.608295168376188826e+02 1.206817619647086914e+01 3.127018503936023990e+02 5.736121328621875364e+02 5.782415706129003183e+02 5.790562318135570194e+02
7.000000000000000000e+02 6.491452146472558304e+00 4.337144278505948591e+02 4.650751996267080699e+02 2.893127970904363337e+02 2.825233560889620321e+02 3.136688163208139031e+02 3.409792788332910050e+02 3.608402623509290947e+02 3.805586100279347193e+02 2.809204779710220805e+02 1.351998146902453257e+01 3.370899416863180704e+02 6.168377217139354798e+02 6.221282654180482723e+02 6.232363922441551267e+02
7.500000000000000000e+02 7.279403339046134569e+00 4.646646790175526576e+02 4.981029178253670580e+02 3.099639816223619846e+02 3.028201548125238673e+02 3.360330221701561300e+02 3.650781634966867841e+02 3.866801603182676104e+02 4.079017754517360572e+02 3.009684112383763477e+02 1.501907254194953367e+01 3.614977701655470810e+02 6.598742563126961613e+02 6.659137312124449863e+02 6.672848567720071742e+02
8.000000000000000000e+02 8.078705573896334258e+00 4.954071937420704899e+02 5.311007207570233959e+02 3.306385394887209372e+02 3.229880233764205286e+02 3.584044761490677615e+02 3.892035171645994751e+02 4.124204788552708578e+02 4.351767646653305519e+02 3.210433854403357259e+02 1.655999459900505499e+01 3.858625704263953367e+02 7.027642035625771086e+02 7.096414185158416785e+02 7.112624395972569573e+02
9.000000000000000000e+02 9.726457032129985691e+00 5.569178690042339213e+02 5.971096321597362930e+02 3.720865372276172707e+02 3.635585533088389525e+02 4.031488087932639814e+02 4.373974874347330228e+02 4.639569133339167024e+02 4.897706453859919407e+02 3.611188168257369284e+02 1.983297310806360159e+01 4.347126729045994011e+02 7.881504905796492721e+02 7.968589771190211195e+02 7.989885405192884491e+02
1.000000000000000000e+03 1.143784986312264884e+01 6.185355178201715489e+02 6.627906224528175017e+02 4.134793959200883933e+02 4.040910073262318178e+02 4.477440577988979271e+02 4.854830469235326404e+02 5.154606746712476024e+02 5.441746342679172130e+02 4.013144900465152318e+02 2.322248392777806103e+01 4.835957422156414509e+02 8.730614858612252647e+02 8.837736953344942776e+02 8.864211353899146388e+02
1.100000000000000000e+03 1.320674662962590418e+01 6.799558443420353342e+02 7.286325884350109163e+02 4.548663609673290580e+02 4.445907503681948469e+02 4.924762352642488281e+02 5.336779149728836273e+02 5.669248506735078763e+02 5.986555920198678677e+02 4.414106562865366072e+02 2.683266583646987868e+01 5.324849151684910566e+02 9.575335023417417233e+02 9.704477394841454725e+02 9.736336690795099003e+02
1.200000000000000000e+03 1.502235995292556048e+01 7.412125786626850186e+02 7.942286318675666053e+02 4.963450982048163951e+02 4.852157103488128200e+02 5.372390640125773871e+02 5.817404092497108650e+02 6.183962422019543510e+02 6.530477149750461194e+02 4.815489999099528973e+02 3.060254255861721617e+01 5.814615162061875253e+02 1.041596989526935886e+03 1.056852550641199741e+03 1.060626811135117578e+03
1.300000000000000000e+03 1.895956897638972194e+01 8.033717741426003158e+02 8.609274316186340457e+02 5.375920986255647449e+02 5.257568127825845750e+02 5.818686580323080761e+02 6.298305159281259193e+02 6.695311011201212068e+02 7.074496481392751548e+02 5.216843495200663483e+02 3.447852501266861225e+01 6.304514988797818660e+02 1.125794870772846025e+03 1.145627132469903472e+03 1.147904771419036706e+03
1.500000000000000000e+03 2.389974963118324425e+01 9.263350465932261386e+02 9.926889198350042989e+02 6.205249232447062013e+02 6.069090291898539817e+02 6.712522684664086228e+02 7.258143008513537779e+02 7.720857115479511776e+02 8.160391605950424037e+02 6.017987477585121496e+02 4.271628518443100830e+01 7.284543207535471083e+02 1.292592642653760777e+03 1.318786851556273177e+03 1.321403305473239925e+03
1.700000000000000000e+03 2.888343263231598002e+01 1.049131740797983184e+03 1.123981858732735191e+03 7.033554053186447845e+02 6.881029456341756259e+02 7.606574578983903621e+02 8.217792543686687168e+02 8.743755388570987179e+02 9.245677365017182865e+02 6.822411275572941349e+02 5.146239822681381781e+01 8.264966289250120326e+02 1.458016137508387828e+03 1.490982146538436382e+03 1.494130013353609002e+03
2.000000000000000000e+03 3.661586464953985853e+01 1.232654754859281866e+03 1.320365089015471540e+03 8.276612421063117608e+02 8.100234753449701657e+02 8.944835829736771302e+02 9.654865812296407057e+02 1.027249126332980950e+03 1.086987864390393497e+03 8.025711653156829470e+02 6.541102327465682720e+01 9.738546550202396475e+02 1.703910074635929050e+03 1.747893984462479466e+03 1.751937666047480661e+03
2.500000000000000000e+03 5.016227022265477586e+01 1.537794930487601277e+03 1.647125984630751191e+03 1.034893947594872088e+03 1.013282712574275934e+03 1.117888480113576634e+03 1.204869509347997564e+03 1.281715788477986052e+03 1.357315344018065389e+03 1.003261724024841442e+03 9.074990161809762412e+01 1.219621328560441953e+03 2.108494858336782272e+03 2.173153492053727859e+03 2.178922227320378170e+03
3.000000000000000000e+03 6.443403906586577534e+01 1.841991270199195696e+03 1.972262871511463118e+03 1.242221723471185442e+03 1.216427025647627488e+03 1.341115535596331029e+03 1.443659034196848552e+03 1.535229987336157592e+03 1.627124705562206600e+03 1.203693407851546908e+03 1.180169763331801960e+02 1.465728742080782467e+03 2.507381464072058861e+03 2.595108918296100455e+03 2.602764569601597486e+03
4.000000000000000000e+03 1.064503367403394947e+02 2.459750129171169192e+03 2.631984345871690493e+03 1.656979286280346287e+03 1.623589767244277937e+03 1.787739678971217018e+03 1.920653996107833109e+03 2.039939717033337274e+03 2.164710791419189263e+03 1.605309850420505882e+03 1.782398060493011656e+02 1.958536192938777504e+03 3.306017090044798806e+03 3.446059227347873275e+03 3.457944489349843934e+03
5.000000000000000000e+03 1.523082905045487507e+02 3.076566165469732823e+03 3.290631274682236381e+03 2.072185061008724006e+03 2.031019036503496409e+03 2.234427989823846474e+03 2.396619820453739976e+03 2.542856328543138261e+03 2.701858173263228309e+03 2.006449154425826919e+03 2.445486123403397869e+02 2.452524963631547962e+03 4.091090850141281862e+03 4.290352282700168871e+03 4.307130969504704808e+03
6.000000000000000000e+03 1.993243263965693473e+02 3.690320400317898475e+03 3.945520811429595142e+03 2.487045898757510258e+03 2.438535520436981642e+03 2.680803957940656346e+03 2.872127729169171744e+03 3.043554297642301663e+03 3.236975055964035164e+03 2.407308022097673984e+03 3.158612400200482284e+02 2.947280933866776195e+03 4.862196005116636115e+03 5.126667964750656211e+03 5.148520055248414792e+03
7.000000000000000000e+03 2.481406951942840067e+02 4.303124447682692335e+03 4.599134932860392837e+03 2.902692339513675961e+03 2.846561533125533515e+03 3.127275168458249482e+03 3.346628221016859243e+03 3.542908242302831241e+03 3.771689481533426260e+03 2.809511771901392422e+03 3.916065148582725897e+02 3.442343122683148522e+03 5.622228911946835979e+03 5.956662598905177219e+03 5.984177750678492885e+03
8.000000000000000000e+03 2.986115309895924952e+02 4.914385822774806002e+03 5.251128684910250740e+03 3.318265705116983554e+03 3.254277640955927382e+03 3.573860488124536005e+03 3.821122533296993879e+03 4.040257502400355406e+03 4.304753257996327193e+03 3.210549641186407825e+03 4.708850119403637109e+02 3.938654795634395214e+03 6.372636506463085425e+03 6.781850918917520175e+03 6.815139719267864166e+03
9.000000000000000000e+03 3.506483689405179689e+02 5.524451424120301454e+03 5.900819107619748138e+03 3.733890654188933695e+03 3.662742306384393032e+03 4.020172013271668220e+03 4.295051524306974898e+03 4.537283474669904535e+03 4.838561620791389032e+03 3.611838975859636776e+03 5.538358632390808225e+02 4.435255063833787972e+03 7.114439885241965385e+03 7.602179414747591181e+03 7.641607838983328293e+03
1.000000000000000000e+04 4.040564020464998407e+02 6.134106146491422805e+03 6.551758015275054277e+03 4.149699460010877374e+03 4.071913169220801137e+03 4.466804619293656287e+03 4.768997431493196018e+03 5.033245214031746400e+03 5.369396534335293836e+03 4.012923931178034763e+03 6.399959599375935113e+02 4.931563363187658979e+03 7.848456585513828941e+03 8.418297323679196779e+03 8.464446720697003911e+03
1.200000000000000000e+04 5.146903097235800715e+02 7.351142650022339694e+03 7.848104033451066243e+03 4.981229743710719958e+03 4.889096753032981724e+03 5.360243024252008581e+03 5.716011418752435929e+03 6.021868166284355539e+03 6.431815069929611127e+03 4.815690599372171164e+03 8.207252447353238267e+02 5.927293220241840572e+03 9.295527322412221110e+03 1.003968104653059345e+04 1.009914588006346094e+04
1.500000000000000000e+04 6.884967347550613113e+02 9.168088390453607644e+03 9.786349322892860073e+03 6.228832571537430340e+03 6.117647521041353684e+03 6.699529726431498602e+03 7.132877602287328955e+03 7.495707650801842647e+03 8.019331701051291930e+03 6.019989173974750884e+03 1.109525851668371615e+03 7.421465867115241963e+03 1.142052992089416693e+04 1.244771209073875980e+04 1.252869374710900775e+04
2.000000000000000000e+04 9.949692784171739959e+02 1.218625930868326759e+04 1.300194242894380477e+04 8.311535356785652766e+03 8.165163732042758966e+03 8.933724471994813939e+03 9.491537323007467421e+03 9.940939720103206128e+03 1.065721697569634125e+04 8.026071751416919142e+03 1.631668158647654082e+03 9.920937289331739521e+03 1.486142389585173078e+04 1.640724614671538075e+04 1.652778986279539095e+04
3.000000000000000000e+04 1.654274337624593954e+03 1.819103539564477251e+04 1.938446709704506429e+04 1.247825657753720225e+04 1.226652814899696205e+04 1.340003162774834891e+04 1.419828876573540401e+04 1.478542600208062868e+04 1.590077082322617025e+04 1.204071910830634988e+04 2.786186339021393451e+03 1.492864844030915265e+04 2.145056042851825259e+04 2.416522107569572836e+04 2.437476687940289776e+04
5.000000000000000000e+04 3.096223764579644467e+03 3.009373047365430466e+04 3.203209583284944893e+04 2.082509146532883460e+04 2.048466798969780939e+04 2.233508337579234285e+04 2.358324180955635165e+04 2.437060777676372163e+04 2.632384990418761663e+04 2.006946533078418361e+04 5.424085729174176777e+03 2.500239586428861003e+04 3.379677059137212927e+04 3.923454833187277109e+04 3.964589197459475690e+04
1.000000000000000000e+05 7.110133585480176407e+03 5.945649352209745120e+04 6.316398628410459787e+04 4.172284831423093419e+04 4.109136963748619019e+04 4.469577532571533084e+04 4.696815120653319900e+04 4.791727953718953358e+04 5.210525626047886180e+04 4.013646776773112651e+04 1.317003057492456537e+04 5.034039197242786031e+04 6.162664438906527357e+04 7.524597191797924461e+04 7.624672171433610492e+04
