#log[10,Energy] log[10,T_BH] Data files: dN/dlog[10,Energy]dt
-9.00000e+00 -9.00000e+00
-8.86869e+00 -8.86869e+00
-8.73737e+00 -8.73737e+00
-8.60606e+00 -8.60606e+00
-8.47475e+00 -8.47475e+00
-8.34343e+00 -8.34343e+00
-8.21212e+00 -8.21212e+00
-8.08081e+00 -8.08081e+00
-7.94949e+00 -7.94949e+00
-7.81818e+00 -7.81818e+00
-7.68687e+00 -7.68687e+00
-7.55556e+00 -7.55556e+00
-7.42424e+00 -7.42424e+00
-7.29293e+00 -7.29293e+00
-7.16162e+00 -7.16162e+00
-7.03030e+00 -7.03030e+00
-6.89899e+00 -6.89899e+00
-6.76768e+00 -6.76768e+00
-6.63636e+00 -6.63636e+00
-6.50505e+00 -6.50505e+00
-6.37374e+00 -6.37374e+00
-6.24242e+00 -6.24242e+00
-6.11111e+00 -6.11111e+00
-5.97980e+00 -5.97980e+00
-5.84848e+00 -5.84848e+00
-5.71717e+00 -5.71717e+00
-5.58586e+00 -5.58586e+00
-5.45455e+00 -5.45455e+00
-5.32323e+00 -5.32323e+00
-5.19192e+00 -5.19192e+00
-5.06061e+00 -5.06061e+00
-4.92929e+00 -4.92929e+00
-4.79798e+00 -4.79798e+00
-4.66667e+00 -4.66667e+00
-4.53535e+00 -4.53535e+00
-4.40404e+00 -4.40404e+00
-4.27273e+00 -4.27273e+00
-4.14141e+00 -4.14141e+00
-4.01010e+00 -4.01010e+00
-3.87879e+00 -3.87879e+00
-3.74747e+00 -3.74747e+00
-3.61616e+00 -3.61616e+00
-3.48485e+00 -3.48485e+00
-3.35354e+00 -3.35354e+00
-3.22222e+00 -3.22222e+00
-3.09091e+00 -3.09091e+00
-2.95960e+00 -2.95960e+00
-2.82828e+00 -2.82828e+00
-2.69697e+00 -2.69697e+00
-2.56566e+00 -2.56566e+00
-2.43434e+00 -2.43434e+00
-2.30303e+00 -2.30303e+00
-2.17172e+00 -2.17172e+00
-2.04040e+00 -2.04040e+00
-1.90909e+00 -1.90909e+00
-1.77778e+00 -1.77778e+00
-1.64646e+00 -1.64646e+00
-1.51515e+00 -1.51515e+00
-1.38384e+00 -1.38384e+00
-1.25253e+00 -1.25253e+00
-1.12121e+00 -1.12121e+00
-9.89899e-01 -9.89899e-01
-8.58586e-01 -8.58586e-01
-7.27273e-01 -7.27273e-01
-5.95960e-01 -5.95960e-01
-4.64646e-01 -4.64646e-01
-3.33333e-01 -3.33333e-01
-2.02020e-01 -2.02020e-01
-7.07071e-02 -7.07071e-02
6.06061e-02 6.06061e-02
1.91919e-01 1.91919e-01
3.23232e-01 3.23232e-01
4.54545e-01 4.54545e-01
5.85859e-01 5.85859e-01
7.17172e-01 7.17172e-01
8.48485e-01 8.48485e-01
9.79798e-01 9.79798e-01
1.11111e+00 1.11111e+00
1.24242e+00 1.24242e+00
1.37374e+00 1.37374e+00
1.50505e+00 1.50505e+00
1.63636e+00 1.63636e+00
1.76768e+00 1.76768e+00
1.89899e+00 1.89899e+00
2.03030e+00 2.03030e+00
2.16162e+00 2.16162e+00
2.29293e+00 2.29293e+00
2.42424e+00 2.42424e+00
2.55556e+00 2.55556e+00
2.68687e+00 2.68687e+00
2.81818e+00 2.81818e+00
2.94949e+00 2.94949e+00
3.08081e+00 3.08081e+00
3.21212e+00 3.21212e+00
3.34343e+00 3.34343e+00
3.47475e+00 3.47475e+00
3.60606e+00 3.60606e+00
3.73737e+00 3.73737e+00
3.86869e+00 3.86869e+00
4.00000e+00 4.00000e+00
