#log[10, Kinetic Energy] log[10,T_BH] Data files: dN/dlog[10,Energy]dt
-9.00000e+00 -9.00000e+00
-8.85859e+00 -8.85859e+00
-8.71717e+00 -8.71717e+00
-8.57576e+00 -8.57576e+00
-8.43434e+00 -8.43434e+00
-8.29293e+00 -8.29293e+00
-8.15152e+00 -8.15152e+00
-8.01010e+00 -8.01010e+00
-7.86869e+00 -7.86869e+00
-7.72727e+00 -7.72727e+00
-7.58586e+00 -7.58586e+00
-7.44444e+00 -7.44444e+00
-7.30303e+00 -7.30303e+00
-7.16162e+00 -7.16162e+00
-7.02020e+00 -7.02020e+00
-6.87879e+00 -6.87879e+00
-6.73737e+00 -6.73737e+00
-6.59596e+00 -6.59596e+00
-6.45455e+00 -6.45455e+00
-6.31313e+00 -6.31313e+00
-6.17172e+00 -6.17172e+00
-6.03030e+00 -6.03030e+00
-5.88889e+00 -5.88889e+00
-5.74747e+00 -5.74747e+00
-5.60606e+00 -5.60606e+00
-5.46465e+00 -5.46465e+00
-5.32323e+00 -5.32323e+00
-5.18182e+00 -5.18182e+00
-5.04040e+00 -5.04040e+00
-4.89899e+00 -4.89899e+00
-4.75758e+00 -4.75758e+00
-4.61616e+00 -4.61616e+00
-4.47475e+00 -4.47475e+00
-4.33333e+00 -4.33333e+00
-4.19192e+00 -4.19192e+00
-4.05051e+00 -4.05051e+00
-3.90909e+00 -3.90909e+00
-3.76768e+00 -3.76768e+00
-3.62626e+00 -3.62626e+00
-3.48485e+00 -3.48485e+00
-3.34343e+00 -3.34343e+00
-3.20202e+00 -3.20202e+00
-3.06061e+00 -3.06061e+00
-2.91919e+00 -2.91919e+00
-2.77778e+00 -2.77778e+00
-2.63636e+00 -2.63636e+00
-2.49495e+00 -2.49495e+00
-2.35354e+00 -2.35354e+00
-2.21212e+00 -2.21212e+00
-2.07071e+00 -2.07071e+00
-1.92929e+00 -1.92929e+00
-1.78788e+00 -1.78788e+00
-1.64646e+00 -1.64646e+00
-1.50505e+00 -1.50505e+00
-1.36364e+00 -1.36364e+00
-1.22222e+00 -1.22222e+00
-1.08081e+00 -1.08081e+00
-9.39394e-01 -9.39394e-01
-7.97980e-01 -7.97980e-01
-6.56566e-01 -6.56566e-01
-5.15152e-01 -5.15152e-01
-3.73737e-01 -3.73737e-01
-2.32323e-01 -2.32323e-01
-9.09091e-02 -9.09091e-02
5.05051e-02 5.05051e-02
1.91919e-01 1.91919e-01
3.33333e-01 3.33333e-01
4.74747e-01 4.74747e-01
6.16162e-01 6.16162e-01
7.57576e-01 7.57576e-01
8.98990e-01 8.98990e-01
1.04040e+00 1.04040e+00
1.18182e+00 1.18182e+00
1.32323e+00 1.32323e+00
1.46465e+00 1.46465e+00
1.60606e+00 1.60606e+00
1.74747e+00 1.74747e+00
1.88889e+00 1.88889e+00
2.03030e+00 2.03030e+00
2.17172e+00 2.17172e+00
2.31313e+00 2.31313e+00
2.45455e+00 2.45455e+00
2.59596e+00 2.59596e+00
2.73737e+00 2.73737e+00
2.87879e+00 2.87879e+00
3.02020e+00 3.02020e+00
3.16162e+00 3.16162e+00
3.30303e+00 3.30303e+00
3.44444e+00 3.44444e+00
3.58586e+00 3.58586e+00
3.72727e+00 3.72727e+00
3.86869e+00 3.86869e+00
4.01010e+00 4.01010e+00
4.15152e+00 4.15152e+00
4.29293e+00 4.29293e+00
4.43434e+00 4.43434e+00
4.57576e+00 4.57576e+00
4.71717e+00 4.71717e+00
4.85859e+00 4.85859e+00
5.00000e+00 5.00000e+00
