   0.0000000e+00   4.0000000e+00
   1.0000000e-02   4.1438408e+00
   1.0317200e-02   4.1483379e+00
   1.0644500e-02   4.1529808e+00
   1.0982200e-02   4.1577611e+00
   1.1330500e-02   4.1627553e+00
   1.1690000e-02   4.1678897e+00
   1.2060800e-02   4.1732508e+00
   1.2443400e-02   4.1788038e+00
   1.2838100e-02   4.1845810e+00
   1.3245400e-02   4.1905761e+00
   1.3665500e-02   4.1968405e+00
   1.4099000e-02   4.2033330e+00
   1.4546300e-02   4.2100633e+00
   1.5007700e-02   4.2170779e+00
   1.5483800e-02   4.2243288e+00
   1.5975000e-02   4.2318595e+00
   1.6481700e-02   4.2396612e+00
   1.7004600e-02   4.2477116e+00
   1.7544000e-02   4.2560577e+00
   1.8100500e-02   4.2646894e+00
   1.8674700e-02   4.2736022e+00
   1.9267100e-02   4.2828379e+00
   1.9878300e-02   4.2924047e+00
   2.0508800e-02   4.3023397e+00
   2.1159400e-02   4.3126409e+00
   2.1830600e-02   4.3233563e+00
   2.2523200e-02   4.3344842e+00
   2.3237600e-02   4.3460791e+00
   2.3974800e-02   4.3581145e+00
   2.4735300e-02   4.3706231e+00
   2.5520000e-02   4.3835996e+00
   2.6329500e-02   4.3970640e+00
   2.7164700e-02   4.4110220e+00
   2.8026400e-02   4.4254985e+00
   2.8915500e-02   4.4405152e+00
   2.9832700e-02   4.4561381e+00
   3.0779100e-02   4.4723720e+00
   3.1755500e-02   4.4892677e+00
   3.2762800e-02   4.5068630e+00
   3.3802100e-02   4.5251508e+00
   3.4874400e-02   4.5441758e+00
   3.5980700e-02   4.5638851e+00
   3.7122000e-02   4.5844380e+00
   3.8299600e-02   4.6057638e+00
   3.9514600e-02   4.6279494e+00
   4.0768000e-02   4.6510923e+00
   4.2061300e-02   4.6751729e+00
   4.3395500e-02   4.7002237e+00
   4.4772100e-02   4.7262860e+00
   4.6192400e-02   4.7534248e+00
   4.7657700e-02   4.7816762e+00
   4.9169500e-02   4.8111085e+00
   5.0729300e-02   4.8417640e+00
   5.2338500e-02   4.8737025e+00
   5.3998800e-02   4.9069763e+00
   5.5711700e-02   4.9416288e+00
   5.7479000e-02   4.9777323e+00
   5.9302300e-02   5.0153819e+00
   6.1183500e-02   5.0546381e+00
   6.3124400e-02   5.0955209e+00
   6.5126800e-02   5.1381278e+00
   6.7192800e-02   5.1825582e+00
   6.9324200e-02   5.2288811e+00
   7.1523300e-02   5.2771644e+00
   7.3792200e-02   5.3274755e+00
   7.6133000e-02   5.3799298e+00
   7.8548100e-02   5.4346248e+00
   8.1039800e-02   5.4916021e+00
   8.3610600e-02   5.5509764e+00
   8.6262800e-02   5.6128381e+00
   8.8999300e-02   5.6772365e+00
   9.1822500e-02   5.7443126e+00
   9.4735300e-02   5.8141205e+00
   9.7740500e-02   5.8867219e+00
   1.0084100e-01   5.9622072e+00
   1.0404000e-01   6.0406442e+00
   1.0734000e-01   6.1220662e+00
   1.1074500e-01   6.2064983e+00
   1.1425800e-01   6.2940104e+00
   1.1788300e-01   6.3845510e+00
   1.2162200e-01   6.4781349e+00
   1.2548000e-01   6.5746470e+00
   1.2946100e-01   6.6740589e+00
   1.3356800e-01   6.7761700e+00
   1.3780500e-01   6.8808228e+00
   1.4217600e-01   6.9877507e+00
   1.4668600e-01   7.0966518e+00
   1.5133900e-01   7.2070648e+00
   1.5614000e-01   7.3185945e+00
   1.6109300e-01   7.4305494e+00
   1.6620300e-01   7.5422691e+00
   1.7147600e-01   7.6529344e+00
   1.7691500e-01   7.7615628e+00
   1.8252700e-01   7.8671112e+00
   1.8831700e-01   7.9682968e+00
   1.9429100e-01   8.0638067e+00
   2.0045400e-01   8.1520982e+00
   2.0681300e-01   8.2316338e+00
   2.1337400e-01   8.3007015e+00
   2.2014200e-01   8.3575092e+00
   2.2712600e-01   8.4004274e+00
   2.3433100e-01   8.4276256e+00
   2.4176400e-01   8.4376015e+00
   2.4943300e-01   8.4288844e+00
   2.5734600e-01   8.4004100e+00
   2.6550900e-01   8.3512704e+00
   2.7393200e-01   8.2811623e+00
   2.8262100e-01   8.1900179e+00
   2.9158700e-01   8.0786093e+00
   3.0083600e-01   7.9478567e+00
   3.1037900e-01   7.7995231e+00
   3.2022500e-01   7.6359507e+00
   3.3038300e-01   7.4596807e+00
   3.4086400e-01   7.2741327e+00
   3.5167700e-01   7.0828350e+00
   3.6283300e-01   6.8898916e+00
   3.7434200e-01   6.6996627e+00
   3.8621700e-01   6.5168043e+00
   3.9846900e-01   6.3463614e+00
   4.1110900e-01   6.1935227e+00
   4.2415000e-01   6.0636453e+00
   4.3760500e-01   5.9626014e+00
   4.5148700e-01   5.8958956e+00
   4.6580900e-01   5.8690796e+00
   4.8058500e-01   5.8871715e+00
   4.9583000e-01   5.9534903e+00
   5.1155900e-01   6.0692796e+00
   5.2778600e-01   6.2320700e+00
   5.4452900e-01   6.4343809e+00
   5.6180200e-01   6.6624455e+00
   5.7962400e-01   6.8968881e+00
   5.9801100e-01   7.1139426e+00
   6.1698100e-01   7.2892565e+00
   6.3655200e-01   7.4024302e+00
   6.5674500e-01   7.4409019e+00
   6.7757800e-01   7.4025738e+00
   6.9907200e-01   7.2951544e+00
   7.2124800e-01   7.1337072e+00
   7.4412800e-01   6.9383373e+00
   7.6773300e-01   6.7311909e+00
   7.9208700e-01   6.5356273e+00
   8.1721300e-01   6.3755222e+00
   8.4313700e-01   6.2749249e+00
   8.6988300e-01   6.2557812e+00
   8.9747700e-01   6.3326388e+00
   9.2594700e-01   6.5025611e+00
   9.5532000e-01   6.7343936e+00
   9.8562500e-01   6.9682432e+00
   1.0168900e+00   7.1342649e+00
   1.0491500e+00   7.1856708e+00
   1.0824300e+00   7.1157692e+00
   1.1167700e+00   6.9546778e+00
   1.1521900e+00   6.7493502e+00
   1.1887400e+00   6.5546616e+00
   1.2264500e+00   6.4250583e+00
   1.2653600e+00   6.4115238e+00
   1.3055000e+00   6.5392843e+00
   1.3469100e+00   6.7691396e+00
   1.3896400e+00   6.9855158e+00
   1.4337200e+00   7.0682315e+00
   1.4792000e+00   6.9875840e+00
   1.5261200e+00   6.8009096e+00
   1.5745300e+00   6.6009594e+00
   1.6244800e+00   6.4855575e+00
   1.6760100e+00   6.5367628e+00
   1.7291800e+00   6.7493990e+00
   1.7840300e+00   6.9578489e+00
   1.8406200e+00   6.9848393e+00
   1.8990100e+00   6.8336661e+00
   1.9592500e+00   6.6315858e+00
   2.0214000e+00   6.5306906e+00
   2.0855300e+00   6.6445202e+00
   2.1516800e+00   6.8772679e+00
   2.2199400e+00   6.9499479e+00
   2.2903600e+00   6.8020903e+00
   2.3630100e+00   6.6102043e+00
   2.4379700e+00   6.5880301e+00
   2.5153100e+00   6.7982933e+00
   2.5951000e+00   6.9246283e+00
   2.6774200e+00   6.7894428e+00
   2.7623500e+00   6.6091199e+00
   2.8499800e+00   6.6583251e+00
   2.9403900e+00   6.8772093e+00
   3.0336600e+00   6.8424777e+00
   3.1299000e+00   6.6495446e+00
   3.2291800e+00   6.6576990e+00
   3.3316200e+00   6.8697332e+00
   3.4373000e+00   6.7994285e+00
   3.5463400e+00   6.6291466e+00
   3.6588400e+00   6.7579018e+00
   3.7749100e+00   6.8582002e+00
   3.8946500e+00   6.6756058e+00
   4.0182000e+00   6.7072828e+00
   4.1456600e+00   6.8562220e+00
   4.2771700e+00   6.6852956e+00
   4.4128500e+00   6.7273707e+00
   4.5528400e+00   6.8335410e+00
   4.6972600e+00   6.6606848e+00
   4.8462700e+00   6.8056571e+00
   5.0000000e+00   6.7541828e+00
