   0.0000000e+00   5.5114290e-01
   1.0000000e-02   5.5116310e-01
   1.0317200e-02   5.5179096e-01
   1.0644500e-02   5.5243759e-01
   1.0982200e-02   5.5310658e-01
   1.1330500e-02   5.5381177e-01
   1.1690000e-02   5.5452978e-01
   1.2060800e-02   5.5528627e-01
   1.2443400e-02   5.5606835e-01
   1.2838100e-02   5.5688799e-01
   1.3245400e-02   5.5773391e-01
   1.3665500e-02   5.5862631e-01
   1.4099000e-02   5.5954942e-01
   1.4546300e-02   5.6050730e-01
   1.5007700e-02   5.6151036e-01
   1.5483800e-02   5.6254949e-01
   1.5975000e-02   5.6362927e-01
   1.6481700e-02   5.6475630e-01
   1.7004600e-02   5.6591654e-01
   1.7544000e-02   5.6712605e-01
   1.8100500e-02   5.6838195e-01
   1.8674700e-02   5.6968150e-01
   1.9267100e-02   5.7103247e-01
   1.9878300e-02   5.7243670e-01
   2.0508800e-02   5.7390507e-01
   2.1159400e-02   5.7542407e-01
   2.1830600e-02   5.7701394e-01
   2.2523200e-02   5.7867012e-01
   2.3237600e-02   5.8040251e-01
   2.3974800e-02   5.8220579e-01
   2.4735300e-02   5.8409199e-01
   2.5520000e-02   5.8605462e-01
   2.6329500e-02   5.8809971e-01
   2.7164700e-02   5.9023363e-01
   2.8026400e-02   5.9245513e-01
   2.8915500e-02   5.9476788e-01
   2.9832700e-02   5.9718952e-01
   3.0779100e-02   5.9971764e-01
   3.1755500e-02   6.0236402e-01
   3.2762800e-02   6.0513458e-01
   3.3802100e-02   6.0803174e-01
   3.4874400e-02   6.1105959e-01
   3.5980700e-02   6.1422499e-01
   3.7122000e-02   6.1753694e-01
   3.8299600e-02   6.2100323e-01
   3.9514600e-02   6.2463484e-01
   4.0768000e-02   6.2844646e-01
   4.2061300e-02   6.3244230e-01
   4.3395500e-02   6.3663612e-01
   4.4772100e-02   6.4103361e-01
   4.6192400e-02   6.4564547e-01
   4.7657700e-02   6.5048997e-01
   4.9169500e-02   6.5558240e-01
   5.0729300e-02   6.6093859e-01
   5.2338500e-02   6.6657602e-01
   5.3998800e-02   6.7250414e-01
   5.5711700e-02   6.7874522e-01
   5.7479000e-02   6.8531943e-01
   5.9302300e-02   6.9225501e-01
   6.1183500e-02   6.9957109e-01
   6.3124400e-02   7.0728883e-01
   6.5126800e-02   7.1543937e-01
   6.7192800e-02   7.2405267e-01
   6.9324200e-02   7.3316767e-01
   7.1523300e-02   7.4280926e-01
   7.3792200e-02   7.5301676e-01
   7.6133000e-02   7.6383825e-01
   7.8548100e-02   7.7531225e-01
   8.1039800e-02   7.8749267e-01
   8.3610600e-02   8.0042700e-01
   8.6262800e-02   8.1418458e-01
   8.8999300e-02   8.2882486e-01
   9.1822500e-02   8.4441221e-01
   9.4735300e-02   8.6103055e-01
   9.7740500e-02   8.7876015e-01
   1.0084100e-01   8.9770071e-01
   1.0404000e-01   9.1794724e-01
   1.0734000e-01   9.3962257e-01
   1.1074500e-01   9.6283796e-01
   1.1425800e-01   9.8774120e-01
   1.1788300e-01   1.0144809e+00
   1.2162200e-01   1.0432302e+00
   1.2548000e-01   1.0741742e+00
   1.2946100e-01   1.1075134e+00
   1.3356800e-01   1.1434906e+00
   1.3780500e-01   1.1823601e+00
   1.4217600e-01   1.2244087e+00
   1.4668600e-01   1.2699456e+00
   1.5133900e-01   1.3193394e+00
   1.5614000e-01   1.3729753e+00
   1.6109300e-01   1.4312983e+00
   1.6620300e-01   1.4947978e+00
   1.7147600e-01   1.5640192e+00
   1.7691500e-01   1.6395759e+00
   1.8252700e-01   1.7221289e+00
   1.8831700e-01   1.8124266e+00
   1.9429100e-01   1.9112875e+00
   2.0045400e-01   2.0195990e+00
   2.0681300e-01   2.1383394e+00
   2.1337400e-01   2.2685567e+00
   2.2014200e-01   2.4113427e+00
   2.2712600e-01   2.5678795e+00
   2.3433100e-01   2.7393318e+00
   2.4176400e-01   2.9268626e+00
   2.4943300e-01   3.1315693e+00
   2.5734600e-01   3.3543946e+00
   2.6550900e-01   3.5959948e+00
   2.7393200e-01   3.8566987e+00
   2.8262100e-01   4.1362064e+00
   2.9158700e-01   4.4335848e+00
   3.0083600e-01   4.7468561e+00
   3.1037900e-01   5.0730312e+00
   3.2022500e-01   5.4077734e+00
   3.3038300e-01   5.7453701e+00
   3.4086400e-01   6.0788379e+00
   3.5167700e-01   6.3999263e+00
   3.6283300e-01   6.6996868e+00
   3.7434200e-01   6.9688618e+00
   3.8621700e-01   7.1987644e+00
   3.9846900e-01   7.3817501e+00
   4.1110900e-01   7.5120554e+00
   4.2415000e-01   7.5863296e+00
   4.3760500e-01   7.6039434e+00
   4.5148700e-01   7.5668824e+00
   4.6580900e-01   7.4796581e+00
   4.8058500e-01   7.3489051e+00
   4.9583000e-01   7.1829200e+00
   5.1155900e-01   6.9911438e+00
   5.2778600e-01   6.7837775e+00
   5.4452900e-01   6.5717332e+00
   5.6180200e-01   6.3660375e+00
   5.7962400e-01   6.1784639e+00
   5.9801100e-01   6.0209436e+00
   6.1698100e-01   5.9058818e+00
   6.3655200e-01   5.8456495e+00
   6.5674500e-01   5.8513411e+00
   6.7757800e-01   5.9303734e+00
   6.9907200e-01   6.0835277e+00
   7.2124800e-01   6.3002207e+00
   7.4412800e-01   6.5563886e+00
   7.6773300e-01   6.8146373e+00
   7.9208700e-01   7.0318977e+00
   8.1721300e-01   7.1703151e+00
   8.4313700e-01   7.2085127e+00
   8.6988300e-01   7.1463716e+00
   8.9747700e-01   7.0025795e+00
   9.2594700e-01   6.8078163e+00
   9.5532000e-01   6.5976649e+00
   9.8562500e-01   6.4093048e+00
   1.0168900e+00   6.2794832e+00
   1.0491500e+00   6.2432487e+00
   1.0824300e+00   6.3240544e+00
   1.1167700e+00   6.5175368e+00
   1.1521900e+00   6.7694052e+00
   1.1887400e+00   6.9854126e+00
   1.2264500e+00   7.0783201e+00
   1.2653600e+00   7.0230205e+00
   1.3055000e+00   6.8570838e+00
   1.3469100e+00   6.6486841e+00
   1.3896400e+00   6.4715600e+00
   1.4337200e+00   6.3962035e+00
   1.4792000e+00   6.4779647e+00
   1.5261200e+00   6.7004948e+00
   1.5745300e+00   6.9288134e+00
   1.6244800e+00   7.0045222e+00
   1.6760100e+00   6.8985879e+00
   1.7291800e+00   6.6990481e+00
   1.7840300e+00   6.5231096e+00
   1.8406200e+00   6.4892374e+00
   1.8990100e+00   6.6577339e+00
   1.9592500e+00   6.8910576e+00
   2.0214000e+00   6.9509094e+00
   2.0855300e+00   6.8086132e+00
   2.1516800e+00   6.6084898e+00
   2.2199400e+00   6.5332755e+00
   2.2903600e+00   6.6940298e+00
   2.3630100e+00   6.9036606e+00
   2.4379700e+00   6.8793100e+00
   2.5153100e+00   6.6852851e+00
   2.5951000e+00   6.5650230e+00
   2.6774200e+00   6.7065973e+00
   2.7623500e+00   6.8974228e+00
   2.8499800e+00   6.8123777e+00
   2.9403900e+00   6.6214072e+00
   3.0336600e+00   6.6441535e+00
   3.1299000e+00   6.8630256e+00
   3.2291800e+00   6.8173664e+00
   3.3316200e+00   6.6304878e+00
   3.4373000e+00   6.6926513e+00
   3.5463400e+00   6.8714521e+00
   3.6588400e+00   6.7318851e+00
   3.7749100e+00   6.6328144e+00
   3.8946500e+00   6.8343116e+00
   4.0182000e+00   6.7773944e+00
   4.1456600e+00   6.6372038e+00
   4.2771700e+00   6.8236122e+00
   4.4128500e+00   6.7610772e+00
   4.5528400e+00   6.6588013e+00
   4.6972600e+00   6.8416856e+00
   4.8462700e+00   6.6961757e+00
   5.0000000e+00   6.7460090e+00
